14,9667
56,2
-4,5333
52,365
13,1434
-20,4286
62,4869
-12,065
48,6239
55,95
32,8088
-12,7719
-21,7106
49,8719
51,8908
15,9239
36,2644
35,4675
49,8083
50,9328
-21,7783
22,636
26,0336
43,2092
45,003
30,074
46,9398
-19,8167
21,2161
25,5263
23,1794
24,2433
46,6167
36,8667
36,8339
31,8325
-19,0167
46,3606
38,9016
47,0532
53,4539
37,9167
41,6478
24,6297
10,7
-14,2833
35,9363
33,4426
49,9467
45,8969
31,6833
50,7
6,65
47,3667
45,0833
35,5285
64,1333
25,3032
18,16
44,8742
40,1899
46,6833
42,3012
40,3058
-33,3833
39,5362
-16,5822
50,7
11,7833
22,4667
-29,2833
43,9667
28,3
13,7
50,5333
45,6083
40,8034
48,2667
39,3919
46,05
16,5904
52,8833
52,0458
25,0829
58,8869
12,2417
-6,6167
32,9441
8,4644
39,0833
43,6441
39,7415
32,7775
46,28
55,9597
-42,9769
-29,6833
53,5399
24,1277
40,61
40,1167
-33,2833
16,72
30,1839
58,85
-23,2
-27,3289
34,2
43,5331
48,8788
51,347
26,4629
14,6092
52,408
12,678
33,7333
41,7926
51,05
43,48
39,9014
-29,4081
51,7381
13,8692
18,4246
50,7333
51,2833
45,65
38,55
1,6983
-1,0378
24,2323
44,2493
34,9667
48,8783
45,7373
42,725
-0,6094
36,6856
44,6833
39,7931
17,25
50,1
22,9589
23,4675
51,871
51,8877
41,0936
26,9861
52,8437
53,905
25,3453
12,6499
10,5172
26,5793
36,2333
-36,7833
-20,9528
17,203
50,85
25,7487
36,305
54,3667
-17,7796
-1,6263
16,0007
-32,6617
14,7167
51,05
12,7861
-26,9333
48,0833
37,3333
16,6
8,4497
51,558
38,2814
16,9228
20,7844
-27,7333
53,8022
-21,0278
-11,1
-4,1
16,45
40,9649
35,2724
25,9217
36,2403
-38,6
23,7445
16,365
47,0667
50,4192
-20,615
5,894
10,3144
25,0711
43,0438
50,4925
-8,6167
47,8
40,7385
-20,7
52,6
25,2833
34,3608
18,2983
16,5066
9,8639
-21,1939
22,0346
38,9081
49,2333
26,2623
26,3448
42,6667
34,214
-21,1
50,3167
35,2606
25,571
40,2123
52,9
23,4353
-23,6406
43,5247
31,2294
41,3483
46,8961
28,3237
9,6171
-23,9
-7,6319
40,9167
51,0833
10,2958
41,6445
33,9874
35,37
10,7936
51,9
17,35
13,339
17,5175
37,8167
37,222
16,59
15,2861
-18,5658
49,9083
22,3815
40,679
46,75
30,6559
56,3315
51,5667
18,0258
41,2833
7,3167
-5,6667
25,4132
45,6833
50,856
26,2331
-8,7333
42,7861
34,1253
33,1399
35,683
-8,6595
41,4765
47,4667
26,4812
26,5495
32,0867
48,0147
-5,2667
32,0683
39,9667
47,1667
55,9538
14,9267
25,5179
47,4278
37,2667
13,975
30,4015
20,1333
16,1209
39,8774
-28,4167
16,6237
8,9803
22,9717
38,1
35,5156
-33,5167
13,5333
25,3129
45,6533
24,52
50,2953
26,2176
13,7125
-14,8978
11,8284
40,6866
41,7463
51,9811
29,875
21,6528
61,4522
17,1089
-12,5289
47,6453
41,0829
47,9542
42,6811
25,6258
42,0667
-23,2219
26,129
39,3819
37,1842
41,2333
49,3833
-34,4792
41,2415
-13,0167
47,8058
63,7465
43,8011
43,1667
9,9539
10,9192
39,94
-36,5519
7,0333
-13,9
33,1108
51,424
12,569
17,7167
41,0667
60,5833
-16,5339
-10,7908
36,4917
36,2941
12,7333
-22,7833
49,8039
13,8111
43,0769
12,6833
-6,3658
-11,8128
-1,4167
47,39
25,4943
42,7243
34,5897
61
51,1333
48,615
37,7167
54,5667
-7,6
42,5984
-28,8833
40,2306
48,7002
42,0911
38,9621
42,4589
10,255
48,5397
54,902
-35,5333
49,8
22,5694
9,9604
31,6351
16,5191
44,6242
-9,2789
41,0555
20,0167
-3,1
38,3
17,0619
25,5456
42,8139
42,8038
42,8333
39,8935
39,1166
-16,3689
52,3446
33,6951
27,6363
52,3833
-18,75
5,2167
31,6767
20,35
43,0528
29,5085
38,8631
-20,6478
43,1583
22,891
40,8348
55,8667
15,6145
36,2933
29,5283
44,4361
34,3562
26,7216
14,715
44,65
-19,99
-8,8333
39,9137
40,85
-5,3158
33,732
40,8225
35,4854
44,0333
33,292
52,4933
48,6064
-9,4917
-17,9714
-15,9
42,8333
52,1333
50,7605
14,1667
-22,0633
50,8333
43,0569
43,5
54,4833
5,3442
35,9806
18,0832
26,4759
56,2833
-13,2919
38,0176
47,5533
18,7147
11,1417
45,03
-14,1333
-16,375
24,916
25,133
51,6317
45,35
38,0486
33,556
36,0833
-16,6172
36,2667
51,2236
52,9428
45,6333
-20,0008
26,1861
44,4333
55,4889
50,8667
30,7306
24,9833
40,6207
27,4825
54,65
59,15
-6,85
35,8111
38,8518
0,2583
33,5775
38,0617
-2,1328
57,5833
46,5
52,6
16,0833
25,852
-12,9308
33,1832
55,9667
-29,5833
34,9167
51,5166
29,5981
20,1667
-26,2386
51,36
55,6333
51,2167
18,7067
52,5408
25,8882
38,5352
-12,9092
35,9561
-30,3833
-20,9228
-27,0775
41,0833
36,1039
13,75
6,4667
5,9167
35,45
-14,4228
32,3756
45,3
18,348
48,9167
45,2167
50,1436
48,65
56,2667
43,7417
9,828
22,1858
35,3333
-15,6
42,0833
25,6561
18,0289
25,6561
33,9765
3,0667
26,4989
41,7187
36,34
9,7
12,9447
13,9756
-5,275
-6,7869
10,9706
42,0699
32,6758
31,3453
8,6722
28,933
5,3069
14,8365
25,1269
32,4199
-32,1667
52,368
14,1993
39,9644
21,1333
51,85
-26,9242
37,5833
53,3508
28,029
-19
52,7833
18,5403
-6,45
-5,6169
-5,3608
52,25
61,6191
40,7167
-20,0878
38,962
10,3979
40,4629
-29,6258
-26,3178
17,4262
-7,0833
23,4313
20,0167
45,8267
61,6333
26,3938
51,3833
47,8392
50,9167
-5,5158
45,5697
47,011
17,5947
25,1821
26,3717
10,1333
17,9
30,6286
39,9706
42,6713
-7,3167
47,965
12,8167
-38,4333
52,35
34,5312
49,9889
43,4075
8,3636
48,6797
40,7833
34,1985
33,9244
52,5667
-8,7269
25,7465
44,9125
28,1587
27,794
32,7342
30,2523
45,8522
17,18
-7,3778
10,5515
40,7697
-6,1308
-4,1333
42,9472
13,6167
-8,8833
-22,9261
25,2874
33,0094
35,5606
48,685
26,2727
12,1667
-6,45
52,3667
48,7328
35,8428
47,7697
10,2859
16,8987
48,9664
17,65
40,7323
18,4833
10,9003
40,921
-27,9333
-25,9833
46,1667
26,8844
50,1667
-21,955
48,0892
9,5855
19,3833
57,3
-4,585
47,3319
25,9978
45,3167
45,7667
36,85
40,77
-4,9333
54,972
26,8149
9,8378
45,6333
48,52
-13,07
42,5628
45,8253
13,7667
16,7442
-4,15
50,7856
26,6316
24,9192
36,2333
26,4079
-5,1167
39,6162
37,7833
13,9611
48,63
38,0514
47,8906
8,7208
50,7917
16,9667
-33,3911
40,4291
37,1167
47,2833
-6,2428
2,95
47,55
22,2847
38,7602
36,0781
15,0556
-15,7333
56,2353
48,7421
42,0855
40,9797
-30,1833
45,4472
15,5976
32,8167
6,25
43,2972
45,7517
51,328
37,3833
50,47
31,9563
17,0667
-2
-20,9308
-18,5839
61,175
50,3022
44,6667
7,5264
55,4774
51,2531
4,5092
-15,85
32,3359
-12,8487
2,4903
31,7092
40,0347
34,9318
41,8132
9,95
47,6844
45,375
17,2833
52,0167
41,0806
37,3111
38,5278
39,9
-0,0528
57,366
45,074
49,4742
18,8931
52,4508
50,4586
-8,4667
24,7904
44,6
44,8833
-6,1333
49,55
49,0333
34,3167
54,871
16,5787
24,5682
27,7672
30,3126
54,7881
39,7981
-15,2628
39,8032
13,6592
50,1286
25,7089
-28,3833
9,9658
25,9725
34,2531
33,0938
21,5397
-11,5
-14,2419
47,4769
-1,4028
-15,3569
0,8081
18,2232
42,0864
37,8833
11,4728
50,2672
33,9336
46,1856
26,0409
44,9167
45,6333
16,9667
23,3568
19,3833
45,7931
50,2
22,4156
10,294
23,7317
24,9365
24,7526
25,669
20,2656
40,7667
-22,2197
15,9418
12,4249
41,4441
46,9122
44,1275
46,1858
56,8198
54,2333
32,3061
26,0664
15,5333
48,8697
25,7528
25,1123
31,2157
40,1069
16,7081
49,9683
39,4667
12,0457
26,8591
16,4922
49,3056
17,4057
38,762
-19,83
37,6122
44,7333
-26,4719
49,5992
34,0223
48,15
26,6615
25,5062
26,2255
14,0656
14,1
53,85
5,8928
51,4167
43,5694
55,9833
-2,7489
-40,4
42,2806
19,2092
37,7967
32,3969
38,2306
26,1186
48,122
50,7472
43,7833
53,5907
45,6667
51,5906
45,125
-19,1
5,5667
39,018
9,8333
10,7251
40,1864
37,9238
14,5778
35,2
36,85
41,6389
-38,0078
32,2673
36,7776
43,7
34,1
15,9167
11,2569
40,9558
56,7
46,5036
47,35
9,5348
16,3906
23,01
44,1167
45,1502
17,42
-39,2667
49,9833
47,6803
39,4083
38,7044
46,74
16,3887
-6,5667
44,5167
18,5791
38,2016
36,1736
22,4819
36,2833
44,95
52,8366
52,969
17,0667
10,7432
40,4517
29,9609
36,7177
44,6667
41,495
19,5672
51,7042
43,1718
35,2167
46,3567
38
18,4736
41,2833
18,0867
50,3833
-0,6519
49,2817
42,2
46,8057
11,3866
36,7548
64,8083
50,7701
41,0167
17,77
47,9276
26,4292
14,3333
44,9911
46,3167
16,21
25,8463
16,302
14,544
40,9419
17,0194
44,4967
44,3003
13,9511
49,2833
49,6819
52,0833
1,6442
20,0833
43,3514
-6,1058
31,05
14,72
24,0884
41,0074
52,0333
15,3604
24,8043
37,9637
6,8726
53,9309
52,458
15,5177
15,63
-22,3833
59,5369
57,4667
-2,9667
13,3833
12,6645
55,2
35,5667
28,8683
40,75
48,2267
6,147
51,05
12,1953
17,4568
31,6125
26,3261
46,1167
42,2861
43,4528
24,043
26,2356
54,0139
40,4667
58,0333
57,3833
17,8474
16,6667
27,1
17,17
31,9989
12,8
49,8544
56,4856
32,8335
25,2441
14,679
12,1459
40,854
38,7176
54,8167
-18,4167
40,205
37,8614
18,4991
44,7749
45,3333
40,3639
40,0632
44,2833
34,95
26,0019
47,9089
45,85
40,6374
36,7272
46,5983
45,5929
34,7947
13,056
-10,2167
43,0998
51,31
13,8333
13,2333
18,9167
14,8667
44,7667
0,2394
40,8633
39,9833
40,5067
57,608
26,2333
39,5455
40,9672
51,8333
38,4792
-18,3333
47,8942
53,797
26,3241
25,7683
62,1333
21,1
11,3752
18,7256
27,8831
43,32
14,2639
37,471
25,6627
45,4333
12,404
40,7583
30,879
13,689
53,5093
25,9689
62,15
14,6867
34,6527
51,442
14,8997
16,6631
38,6963
35,9564
53,15
8,2658
40,0221
34,9744
25,4994
16,9
34,8939
-33,6533
50,7667
36,1164
6,0833
8,3642
42,535
49,4
43,3932
30,7254
-22,8
41,8
44,5213
53,0942
52,952
55,98
30,4328
17,655
-18,0839
39,6348
35,0667
50,5333
-5,9833
48,6214
51,824
53,506
36,9353
44,7667
13,7833
6,5333
2,0167
33,4
43,1
49,1747
25,9967
36,6864
38,1765
46,3167
48,7017
33,0167
38,3987
44,4345
38,5394
25,0968
44,8833
31,5793
39,0244
24,8727
52,2
50,6
41,85
43,4419
35,476
35,4239
40,6432
49,4697
27,2855
0,3592
41,6678
23,4339
45,1
41,0133
49,205
-27,05
39,1167
6,4833
-23,1758
25,5856
42,6078
-16,3
-27,0833
12,8333
43,6236
14,4167
50,7667
35,9208
54,0833
48,5417
43,4928
40,8816
31,91
14,9602
54,0167
48,7881
-4,1744
33,6064
56,7833
49,5833
10,6
50,5086
49,995
14,8965
41,051
31,5145
13,6167
51,685
39,9737
36,0981
41,5369
25,7964
25,637
25,2599
24,6794
44
29,7038
53,2
46,6462
53,166
30,407
29,2861
41,0667
23,83
45,7319
47,2169
22,2875
30,62
-14,9961
49,9833
34,6883
26,3466
51,0167
-11,2542
43,9833
55,0881
30,3
14,9852
51,55
50,2014
42,2975
35,4903
40,4773
-21,65
43,3667
49,0644
33,5581
49,8875
50,5
38,9996
39,4536
39,1068
23
53,462
51,7286
12,7833
22,5323
17,7688
18,361
30,3526
39,75
26,8613
13,81
36,161
21,4739
49,7833
37,9683
46,0917
40,9025
46,9739
41,8934
11,2708
-7,35
17,5811
41,55
38,4351
17,9119
46,1
32,0275
11,5
39,667
9,6588
24,7562
45,7833
44,7167
34,1667
51,2167
50,9833
23,9955
9,6
37,8833
10,8975
34,5914
9,9167
25,2657
42,0188
16,4314
49,3256
47,4772
17,6333
24,9689
45,25
16,5158
46,2261
11,855
25,5537
26,5741
37,2783
50,8333
47,2
51,3167
48,9728
51,0238
-2,59
11,36
38,653
-21,2364
44,7225
13,45
-26,541
41,0992
40,8179
56,9667
18,341
43,5348
36,1756
42,4068
34,1479
63,7
38,8356
52,2167
20,5889
44,2
22,6256
5,4
44,0167
38,3574
20,1178
16,0167
43,0694
26,0204
27,55
30,0323
9,9621
-7,3667
36,7371
40,1311
39,1061
-1,9167
42,7744
26,4568
40,3785
21,2833
48,3194
9,7167
-21,1
43,1989
41,05
-7,0398
6,1019
63
-16,1167
-3,6833
44,9181
36,2561
-33,9908
53,6595
25,8871
26,7362
-18,4
32,9449
49,4117
28,4865
15,15
33,2814
33,7711
33,2092
34,3
33,85
33,7333
-28,7833
30,1333
-18,8333
-21,75
-15,8333
-21,2
-24,3333
-24,0333
-17,4667
-21,6667
-13,2
-23,9
-23,8333
-14,2333
-19,85
-16,9667
-20,7333
-18,99
-20,2667
-18,9167
-24,4833
-17,3333
-14,6333
-23,25
-19,7
-14,3667
-23,7167
-14,4
-19,1667
-20,6667
-14,6
-20,9
-16,2333
-20,6
-18,6833
-25,2833
-17,0833
-23,1833
-23,1333
-21,4667
-21,0667
-17,0333
-15,6667
-21,5731
-20,1167
-23,3167
-14,7833
-21,3667
-17,5167
-23,5667
-21,0333
-25,1833
-21,7167
-22,0167
-24,9333
-22,0833
-17,6667
-24,1333
-22,0333
-21,2833
-23,9017
-19,6333
-19,3
-22,5333
-15,7667
-22,8206
-13,9833
-20,9667
-17,3667
-21,3833
-21,1333
-21,5
-22,2167
-16,7
-18,85
-22,85
-23,6167
-21,8667
-21,1833
14,3278
27,3258
25,7033
6,6626
-24,5167
-20,1089
17,8486
35,1518
33,3833
25,1194
35,6422
32,09
38,5243
14,5431
13,9833
5,6897
37,4964
35,7122
1,0167
-0,1667
39,6383
40,8242
32,0686
38,8892
22,6878
-11,55
5,316
32,1166
35,5886
21,6744
22,237
38,688
9,925
3,7192
19,1493
-3,5833
20,7667
18,616
27,3
15,7167
34,141
26,5733
10,8652
17,5443
9,3167
24,5958
15,6547
25,7775
25,341
18,7652
24,5157
28,8443
15,53
23,1887
10,6005
11,5
28,4565
32,3547
29,7
10,0774
21,104
20,3
15,1274
21,9
11,4667
27,6268
21,7355
21,3694
11,9256
-0,68
2,5036
-11,8511
53,4106
9,9333
25,8029
53,95
49,0233
18,7044
53,7928
50,3306
26,3603
42,5833
40,2667
51,3558
48,0497
45,6414
43,1581
52,6
10,2672
9,6703
53,662
14,3971
24,3149
31,3811
43,6547
16,24
43,367
54,5372
23,7017
40,6453
59,25
29,0564
50,5644
37,12
58,0833
26,8076
-30,9681
43,2428
37,8167
40,9847
36,8622
25,6073
11,4144
10,9667
17,4992
29,043
40,9347
51,1833
10,8507
26,3825
40,8733
32,9558
63,3667
27,6578
52,2528
40,3734
15,3598
15,8201
39,8379
44,8547
44,0085
49,1672
45,1833
14,6013
28,3933
25,59
25,8948
40,9571
52,45
40,8508
43,0414
40,1256
48,53
40,4135
4,75
54,63
12,9
27,6258
47,8136
56,0897
13,0554
33,4747
53,0667
-37,7333
45,1494
50,9679
38,8197
45,9
45,65
38,8758
42,9084
19,1667
-5,9728
36,5602
32,2564
41,5873
50,04
51,1792
49,0599
26,2385
40,7167
-1,0264
-22,6839
25,475
26,1466
40,2928
40,6333
-28,8667
10,1533
20,0708
40,6003
46,9139
21,26
37,7691
6,7731
13,9622
46,806
54,4
50,4361
51,7
11,3702
40,9259
18,5219
25,7947
10,3671
38,2722
32,65
-3,58
15,1127
8,4
51,377
47,1725
7,75
57,586
-3,1
12,4567
25,2783
38,8503
10,3222
28,422
27,1953
36,2653
50,85
49,3256
15,5796
51,0367
46,7667
53,37
45,2333
10,8911
25,6
51,65
33,6681
30,1113
47,1079
36,0817
36,6417
25,7201
43,2023
-23,746
62,5
47,6
28,48
39,5332
61,5
48,6228
49,75
50,4167
35,4644
47,8744
50,9833
40,7873
48,2683
48,4853
28,5812
38,4028
-11,2619
40,2
41,8787
11,9783
13,0751
11,6449
17,8
51,3825
5,3633
53,8075
35,4167
24,9567
19,6736
46,8167
53,0792
47,0333
43,9377
39,995
69,2
16,3383
48,45
21,8781
9,9781
39,4619
51,6723
6,5236
47,2934
50,3
-14,6
25,8875
45,75
37,3675
11,5723
48,1861
-27,9
15,5802
47,3167
3,2333
30,4167
17,2667
50,3381
-11,8167
2,0447
2,25
49,45
53,596
15,2048
-24,9389
49,5667
-26,294
47,6667
33,0758
-7,0239
26,0877
16,8522
19,95
13,4852
27,0548
11,4667
40,1908
49,0989
25,7297
26,2706
43,4833
49,1919
49,5625
-5,8192
18,0738
25,5793
26,2336
39,0157
58,0947
-4,98
32,2614
47,6
16,5519
45,5526
18,8833
54,3
26,7887
22,4789
48,7122
31,515
36,9773
50,65
34,38
16,2392
41,0302
47,5167
57,1167
49,5614
18,2164
11,6758
19,3719
48,3319
-17,6
35,3722
53,0549
11,1406
29,7467
16,7333
62,705
25,3484
38,5897
-12,9833
26,599
37,5794
39,8993
52,8756
50,4536
17,5
35,1203
45,9167
47,9825
-23,0033
40,4333
9,5882
14,8641
9,8
38,4
10,1333
31,6667
35,6833
25,5231
43,9667
14,4626
50,9167
51,9167
25,9488
45,7
35,9683
25,4776
44,7088
39,6833
22,3777
38,0667
10,0439
34,3833
47,1667
51,99
43,0368
41,6036
44,05
25,6482
31,45
50,0167
14,9269
18,049
13,3963
52,8632
18,1833
49,4167
23,6463
39,027
48,5586
50,9
50,7833
50,6667
32,0321
17,7668
45,2167
35,1409
52,25
-30,8669
49,5928
40,6883
11,36
45,6
-19,0333
37,05
26,1748
12,08
47,0667
49,1014
51,113
39,0622
29,0669
4,3333
36,7667
15,1225
13,8778
14,006
40,4
41,0138
40,0361
24,9346
25,3696
-0,83
29,8039
-29,6975
26,3186
8,92
17,8667
26,8372
53,4114
-22,7678
-32,2514
29,16
45,9
-19,95
40,1331
43,6294
39,3448
-23,649
-54,5062
47,9325
44,1333
40,5664
40,7833
14,648
31,6
-12,062
26,2356
9,0833
25,5116
48,8167
49,3167
53,3239
8,4544
19,2266
46,1742
31,96
16,6333
-5,45
24,5622
16,8939
50,8692
39,0181
41,6953
46,0667
43,8833
33,5921
35,0667
55,105
40,1428
-33,5333
36,2444
50,4286
17,1758
17,2597
53,3806
53,478
14,9
29,7833
50,1333
40,4095
47,5
-5,7
12,5667
37,7375
39,6432
40,8808
-35,3333
9,4333
35,15
12,3167
45,4347
43,8167
25,6347
41,4906
-17,8861
64,5253
47,9828
10,5739
47,2557
18,2383
25,7358
26,8706
38,6404
-33,8833
23,4039
10,0412
34,2606
50,2103
13,0833
55,9611
53,508
12,8056
-28,3
5,3
52,2667
14,3981
20,3733
65,3167
43,2833
-20,6944
13,6108
44,4023
45,6092
44,4595
48,3531
-17,6594
-37,6667
8,5261
37,7
45,6728
30,8468
-7,5369
10,6989
15,88
44,1667
24,8667
38,05
41,2657
-24,0333
21,6456
-18,3667
41,7484
52,1053
47,2039
45,9601
27,7718
47,1667
48,3119
23,3794
19,0468
65,837
12,6196
49,35
25,5036
44,7
42,1076
49,1333
50,05
26,0911
14,1233
41,5036
30,1056
26,3688
16,1567
15,3731
33,7197
25,6541
14,1833
37,7167
53,7506
48,1517
24,858
41,4189
50,4597
23,5781
40,5833
40,9068
40,4333
24,5833
25,1267
45,3833
40,853
20,5322
27,8574
41,1289
-12,0667
4,7308
46,4
48,0858
-33,1333
26,8667
11,7834
10,5438
9,1167
26,5475
41,3482
-32,6125
52,0117
13,2547
40,736
43,5336
45,8769
10,5
36,75
25,8214
62,1667
-16,9519
49,05
15,469
22,1088
42,7068
15,3667
-21,4578
42,1783
57,9
35,7321
26,262
25,1348
44,5333
13,5
16,0634
25,0641
45,7167
31,5992
-1,9
30,2233
17,2702
-1,1667
18,2233
43,3167
32,7693
26,2267
33,8786
40,7186
42,0141
54,4167
51,591
-36,0333
6,05
58,9394
38,0117
-27,0333
53,5
50,7389
31,595
52,3941
9,6
10,4833
13,0167
52,5667
48,6819
26,0355
15,4302
10,8893
35,85
4,965
52,0833
32,3
15,0981
51,9667
54,3933
1,8439
18,0765
30,1291
59,5972
59,9667
43,5231
45,0721
22,8748
45,8914
44,3333
25,735
26,5666
14,3814
17,975
15,4431
26,4802
17,6283
51,9333
50,5333
10,7659
24,1878
42,9114
-13,7833
-5,9855
52,8333
39,0167
52,5483
22,2808
19,65
56,4083
31,7567
-13,4242
62,3667
16,1775
46,0419
40,3914
48,7742
25,6881
40,7833
41,7697
18,585
37,0123
54,9167
47,9014
10,4473
24,7046
-39,5933
53,6333
-29,1361
39,5161
52,9667
37,4752
50,2681
11,0154
40,9259
44,9751
48,7422
43,4989
27,5898
38,9944
24,7263
34,9833
45,7
44,7667
30,3281
41,5661
55,145
25,7347
22,359
28,9176
63,2833
9,1
53,7669
24,0554
32,6828
45,6667
35,4866
43,2317
40,1608
53,613
30,3504
39,684
26,786
13,5833
50,0028
10,9826
26,4226
46,6045
50,1
37,3167
41,0509
47,7992
18,4901
17,9667
-27,7833
53,5417
26,1185
25,2395
-39,1786
9,2797
9,2683
30,4717
14,6667
43,5833
-25,53
16,8802
26,7595
26,0433
25,6246
49,2667
64,9333
32,8439
54,0167
44,6086
39,5357
11,3583
27,6739
12,0079
38,35
47,3833
25,5876
9,339
2,4833
50,5667
8,95
18,7942
17,2866
39,4023
-27,3667
47,3167
50,3975
48,1778
43,6333
26,6554
40,4469
48,795
40,1333
-26,2539
40,7336
35,5586
6,4
47,2833
45,2986
24,6096
23,6858
12,411
29,9904
16,475
25,6677
33,6174
-31,7938
50,1089
52,4833
47,9211
17,5458
11,5843
18,5095
40,1645
47,4167
51,39
51,693
14,45
26,0938
40,0911
3,3781
42,8333
54,6694
32,4409
-46,1833
50,8542
47,5225
18,2361
26,3738
40,3754
56,4167
53,9956
16,2541
22,8467
-21,6667
43,6228
34,5378
49,8961
39,9339
-17,9833
51,9167
50,2828
50,7905
46,65
8,3167
25,744
33,1833
-3,7733
10,0838
16,4957
16,65
-21,4667
-21,5167
19,1833
-32,3667
53,5861
24,6559
13,1435
21,2833
-15,4589
50,5092
51,329
34,8581
35,589
34,0071
43,1333
-27,6667
52,6167
49,4453
51,4033
38,0667
25,5149
11,1651
35,8256
52,5167
49,7078
25,1832
25,8159
42,4677
51,925
8,4815
-13,323
-8,5167
52,2
36,5
26,2317
15,1788
-14,3833
41,0667
45,25
11,5333
50,1333
-24,0167
62,1
13,714
41,0674
-33,8944
49,3583
45,5612
25,1859
30,3413
40,0364
49,9772
-6,455
16,8877
25,8864
57,5667
44,1697
19,293
40,2074
-30,1028
32,8907
47,0158
11,4402
11,2669
28,7461
39,7167
40,8286
51,1833
39,9167
50,85
10,55
26,6786
12,1998
15,6
33,9341
21,0081
-5,35
48,9497
13,9
50,7022
12,4011
27,8703
-38,3333
46,85
49,7011
32,7017
55,2167
51,2333
40,0017
27,09
39,6011
49,2606
27,09
48,2749
42,4407
49,9122
10,6705
9,6127
44,7667
32,1263
53,2222
23,6333
34,0609
12,5994
-26,2769
48,8456
32,28
-21,25
56,2167
9,2586
42,4296
12,1833
11,4296
12,4164
14,7906
51,8494
46,5961
51,1
16,4062
26,0152
26,1572
14,881
41,0149
-37,783
48,8714
25,4636
27,0001
12,6
57,6669
13,5844
48,2092
52,6244
-9,3689
13,7167
9,5719
16,5858
10,6263
34,1712
20,0314
20,0767
35,134
51,8033
17,7686
49,2503
23,52
35,9223
34,9167
25,0511
42,465
53,3
53,011
54,3541
39,55
12,9712
28,0036
40,1919
68,8833
37,1844
54,4167
47,4667
10,3586
38,4667
-20,8458
5
32,8661
52,4333
59,6167
16,6833
32,5167
16,1303
24,1849
24,2829
12,6519
55,3667
41,2011
43,515
37,8869
37,9687
50,85
49,7581
18,77
28,6677
59,8167
12,38
19,1817
19,179
50,2667
61,6576
47,1667
23,1333
-24,2458
10,2667
54,65
28,1167
52,6263
44,0344
47,6167
40,8616
41,6325
45,5667
-26,19
51,1444
42,5547
16,8301
14,2535
9,85
47,2667
42,8
16,16
18,5444
39,7389
51,3347
24,386
24,5097
53,4
-33,6964
51,49
24,9595
39,5667
45,7667
24,6554
25,4613
8,9127
45,3667
6,8167
5,7
59,5833
40,2643
19,0224
23,9333
57,8167
-25,5708
25,7693
33,2833
43,4911
53,487
44,0265
19,6667
43,0831
42,6043
28
39,2167
26,1457
12,05
16,1496
26,0219
39,3742
39,45
25,8895
35,45
-36,7481
43,4594
14,9167
45,5167
9,9024
37,25
47,0572
26,2229
11,21
25,5582
41,6692
23,97
30,9337
37,3167
60,65
36,85
43,1686
16,14
53,7167
52,05
12,7499
24,7742
60,5667
18,1158
36,7039
-16,8667
50,7361
-29,7667
35,1
25,7727
50,6444
25,5729
32,2939
-21,0828
50,4203
25,8657
8,2514
16,0156
32,7783
19,3208
-28,7239
25,9545
37,9333
38,0405
53,515
22,5387
43,4736
39,0518
46,1167
47,1056
10,9669
41,9661
-38,3414
43,55
52,6491
11,0857
26,7159
35,6006
19,7237
53,6139
12,9795
18,3667
61,5901
39,981
49,0167
12,2642
23,6073
29,086
44,3333
10,3357
12,0742
13,7833
9,3056
30,4417
45,0667
44,5758
36,6211
49,8328
44,7667
48,6256
44,7835
36,9218
34,7308
20,9231
26,7
5,3
53,9875
37,05
48,4581
25,5675
50,4383
40,7833
41,9772
40,5167
8,9943
18,6237
9,7277
-34,8167
60,2167
63,9333
32,7333
35,7642
-26,3833
32,7748
47,7251
-18,1414
49,09
17,0044
42,6028
16,889
30,32
44,8228
43,79
37,2608
44,4333
54,2167
-9,2728
45,25
45,1428
26,7556
26,252
40,1756
47,4
51,9436
43,3881
49,9267
51,6014
10,4017
53,14
44,3333
46,9
32,0333
52,4
43,7113
33,9193
34,2264
54,8339
50,8281
25,5577
-20,0102
40,544
25,1826
46,55
48,4289
37,6667
14,05
34,7414
26,258
11,6368
17,3006
43,9333
49,2128
-2,85
12,0957
17,1919
44,0238
41,4009
43,061
40,4333
7,0167
41,0358
38,6167
45,7759
51,2333
41
41,4128
-9,2458
5,0056
25,54
35,5499
49,4028
44,8228
47,2333
39,2175
39,1488
50,608
25,4
39,6086
54,5
49,0519
29,5633
41,4281
43,1029
13,4833
47,2097
48,2603
-20,7339
49,7622
22,4143
35,6169
25,3987
46,0475
38,241
22,9958
18,45
49,7831
12,183
12,4202
54,0572
18,2388
-19,2319
49,1431
9,8167
41,4274
6,25
-13,7944
35,2044
18,9586
29,7663
50,6825
14,9
8,6364
13,1667
41
54,11
36,5333
-36,2833
52,9667
50,64
16,0955
23,9884
40,9986
43,1764
50,9
12,3652
26,0541
10,7626
43,3667
42,04
32,1114
35,7991
19,0833
17,9108
11,778
52,7833
41,6284
39,4194
11,9635
15,9333
10,9696
40,3919
45,0386
46,1347
40,48
41,141
43,775
16,83
13,6918
-40,3167
52,3667
26,0561
38,9424
19,65
-16,0953
49,0286
32,6308
67,2594
19,2332
11,5793
33,4492
25,2564
23,626
40,9667
21,3865
16,086
55,1778
28,43
16,6797
18,9163
48,5286
5,9911
25,0431
32,3333
52,0833
49,7039
16,8458
43,9614
39,4465
46,6278
25,3682
41,1665
43,3057
33,0144
-29,089
47,6667
37,3405
53,0167
43,4186
44,4833
44,85
46,3667
48,0872
25,5258
41,3589
43,5658
19,8833
42,83
-33,4667
24,0391
23,5589
26,7381
11,6085
44,6333
40,154
9,1356
25,9789
48,5819
-22,9
22,6833
50,755
44,1619
26,2227
8,52
47,7948
28,4651
40,2188
47,2161
25,5907
22,5475
50,5928
51,3024
16,992
-29,7333
39,9532
44,1
51,8719
22,218
40,3475
17,9219
-28,9833
21,8933
33,494
26,2667
17,3775
45,8167
-25,3678
30,2805
30,4969
12,8685
26,3237
41,7113
-20,9667
25,6119
18,0718
40,4127
63,1933
40,1888
44,7
-30,5833
56,1631
4,0833
22,0634
25,1162
26,2388
35,2134
8,5333
40,6167
-34,9167
8,5333
23,2823
16,8863
18,5883
55,7167
6,1667
43,4949
20,8392
51,8833
12,5083
44,3333
50,6
18,5264
-25,75
46,3644
52,26
9,9908
25,9761
23,0333
43,7351
-28,8
46,8167
25,6689
43,4
39,8458
24,5761
34,25
54,983
48,1028
11,3709
26,5246
25,6466
-9,2358
50,6667
40,5608
25,5034
36,0679
40,7717
16,6601
43,56
42,1561
35,6333
24,7053
48,7164
16,812
10,43
25,7057
42,8661
14,0464
33,9739
15,137
12,597
35,35
22,9136
12,8
38,0167
18,1105
22,488
34,8729
35,0339
23,8478
26,7369
44,3167
43,9879
-18,9667
-31,2611
51,15
14,1833
26,3431
40,201
39,6022
43,3336
45,3833
41,8425
31,6008
55,8397
50,9667
51,294
33,045
61,2
23,0615
12,6927
25,7225
39,5412
-18,9828
35,9815
43,5891
42,4317
25,5418
41,4723
26,1083
20,45
53,572
44,9
44,2659
53,52
43,6236
19,6394
53,9217
22,8615
13,9131
35,0833
47,65
40,3147
11,7431
18,6115
47,0167
10,7272
41,7359
52,9903
25,3256
13,5007
25,5916
50,435
46,2227
27,32
40,9447
51,726
15,5509
40,6696
42,1667
45,5833
9,4333
26,2392
10,2444
50,9
45,2
-12,2869
26,2016
-14,4333
21,3311
45,6833
34,2803
35,2394
11,0875
51,85
28,0922
39,5167
14,4631
5,59
2,1217
40,4703
25,3575
30,3155
27,1
25,0929
40,837
29,4407
6,5667
53,6667
41,49
-26,4833
35,1594
18,2385
24,6776
24,6312
39,7202
39,2267
-39,5
56,6667
10,8528
36,05
24,8223
9,1653
50,849
26,1678
31,2074
59,2861
26,5062
38,5167
25,201
25,3902
56,1347
44,6333
59,3667
19,65
51,4062
18,2114
19,0167
13,1391
30,6333
44,4869
54,95
25,4157
16,2123
46,4556
30,4344
25,2093
10,6023
-16,2731
27,7672
10,9694
16,4286
53,2914
36,2996
9,68
50,455
35,5706
9,2726
41,1612
37,6339
51,8667
48,6714
10,783
34,0588
15,3567
17,85
-27,4633
41,6092
43,5997
41,0064
42,9664
25,6821
10,9058
29,2739
14,3121
23,2688
46,05
52,2817
48,5333
52,3758
42,73
34,5313
33,7665
52,8667
41,3978
11,0234
26,0079
47,1622
51,7833
39,5922
13,3284
31,4316
40,0539
34,0587
-28,5667
48,25
44,65
44,45
12,35
45,3531
13,3945
40,7783
50,9481
-11,4119
17,8682
30,0298
44,1667
44,6697
48,5033
45,4436
-23,6
47,468
46,7
25,8565
43,2167
45,35
50,4053
51,1564
43,5172
39,5083
45,85
32,2067
43,65
18,2667
41,6656
33,5874
35,457
37,38
24,8332
35,6617
39,3833
35,1898
45,7681
49,2
10,4224
23,9955
17,3876
54,4939
38,1544
23,5443
12,1333
11,4607
43,7167
34,4833
53,107
53,3205
33,4
16,0667
26,4346
44,95
40,3919
-7,3389
43,3667
33,5064
42,9833
40,167
25,0577
52,4667
5,3
30,4904
47,4667
35,8167
26,463
15,9923
-38,0333
47,4122
49,8692
26,346
43,3799
35,7294
46,0608
29,9006
13,9241
39,6333
35,8117
53,7964
16,9494
20,8
-34
48,0833
25,0756
42,5997
43,9625
37,4167
26,6353
20,6298
25,091
30,5267
-34,8333
55,6391
14,6667
39,1856
18,9424
-22,7167
39,85
44,0764
51,5667
49,7769
26,1456
26,3392
-28,1333
10,02
45,7667
55,9167
10,4824
42,5144
16,5167
34,2113
-19,6978
47,85
51,85
25,8263
25,8261
10,6583
25,9281
38,105
32,2667
25,4435
44,0167
-6,8167
37,6
10,7861
12,1395
24,2069
-21,093
47,5104
51,293
25,9966
12,15
26,1953
11,0319
40,5391
-20,2878
43,0958
41,9197
12,5
21,3333
26,6259
25,6269
26,3073
17,77
44,075
38,8706
50,3
23,0094
33,389
43,5167
48,1733
41,61
20,4764
21,35
22,3356
26,1506
22,3958
53,7
56,1838
12,0051
25,5507
40,85
42,0253
50,7006
61,675
43,9333
-9,1889
10,0283
40,8025
45,5833
37,1231
39,2667
46,7167
41,5391
14,4167
42,1475
47,0333
33,5646
27,01
40,2115
32,347
46,8667
12,5972
6,2167
51,389
50,186
43,0691
22,4322
44,3667
31,4988
42,2347
11,3499
54,4333
17,9886
16,5667
45,6
51,0167
-4,1333
50,45
49,9114
-37,5833
22,1902
22,4867
25,5976
30,4743
42,9921
23,3
49,5383
45,6333
45,5833
39,5
51,5503
45,6389
31,4182
36,55
47,0358
40,21
62,4667
26,1015
17,4488
34,7739
41,5893
35,12
48,7363
21,971
25,7097
39,0328
55,4458
51,3286
43,9916
36,6127
39,8782
59,4833
15,7376
47,1503
42,2417
-35,0833
47,8928
52,345
30,4775
-25,7058
50,3447
52,0667
29,8091
12,2191
45,7
26,4852
24,5639
43,6333
48,0972
37,3667
44,65
15,4092
48,67
11,9281
46,6219
44,8069
44,2025
50,8282
9,8871
26,7666
34,2325
49,7139
48,3667
26,2471
33,6878
48,0447
44,6847
18,7836
55,1956
-15,4639
4,0167
22,6012
31,4589
18,95
48,0833
50,25
52,6333
26,1744
23,8948
42,43
33,3446
41,5219
46,95
51,6
12,1533
12,2064
25,4192
23,45
32,1956
52,25
-35,2667
49,5614
11,0379
16,3198
48,4676
43,3215
52,3078
-14,5728
52,2664
12,1056
30,3791
-8,8028
39,15
61,05
48,54
29,0147
51,8333
49,3128
36,0369
52,6081
33,9007
-13,3667
51,8167
26,4817
26,0466
39,8437
42,1337
18,0506
12,4316
50,6667
52,456
10,6604
39,9831
41,8434
49,7167
48,6792
8,149
30,5308
5,7837
47,3619
55,99
50,9469
15,878
-23,2044
43,6697
25,4563
51,75
35,2
30,12
45,0403
48,3317
-4,745
49,9167
44,385
25,6279
41,0023
10,3333
26,2871
22,3424
33,6833
36,0333
17
43,0383
40,2333
30,5082
27,7035
48,3225
24,393
18,0311
53,8833
48,1667
-6,7667
50,3
43,593
23,6667
32,346
43,2139
36,0708
33,3935
47,2872
44,3906
11,0882
24,7476
8,2461
40,4852
-22,4261
-7,5119
12,5273
37,9333
34,2486
34,1025
50,7833
19,0625
40,2667
38,0367
51,2175
45,0278
48,5427
9,9072
49,28
23,4183
23,4225
14,1002
45,97
54,3739
34,757
11,4559
18,6875
15,6591
35,2842
25,6537
24,7295
25,5992
47,4403
40,7798
49,7233
26,8
52,8333
52,324
25,4815
45,5333
44,1
8,4167
-12,5522
43,6144
12,233
38,8664
37,6833
31,8811
17,35
5,5833
49,255
25,4373
26,0751
15,95
-24,4686
36,7833
25,5784
26,1124
10,625
35,5833
30,311
25,8335
45,4125
47,6561
-12,025
25,3552
41,6433
43,3114
33,189
39,2308
48,6589
15,4887
4,8
25,8604
16,8167
50,1478
30,28
25,2958
36,9819
41,1732
39,3575
47,6522
24,0051
13,7268
-34,3139
36,2119
30,12
12,1112
39,2725
48,4692
40,4398
40,4933
40,3019
53,6167
26,411
26,7086
17,1383
39,7175
49,1833
43,0167
44,8106
-34,9765
12,5949
24,2762
26,063
13,3201
49,35
52,5833
43,2
13,85
53,2947
50,8216
25,3973
42,3718
49,4725
16,7928
44,7736
39,3
9,9984
69,25
15,9
-29,1
12,6044
-9,1578
-10,6958
43,6481
25,233
40,6833
-35,0833
10,6333
14,1092
24,8511
36,4212
42,2489
31,9372
43,2818
42,7928
44,6622
47,8167
50,6167
11,2635
24,9142
45,1333
47,79
52,0339
40,6667
52,6772
50,7167
52,2194
15,04
22,1122
34,6214
42,9716
48,9008
5,75
25,2892
35,3127
-11,5639
45,7
39,3457
51,5167
25,8195
8,7964
-25,196
-18,4083
11,2727
16,3862
13,8439
40,4167
40,3774
38,9015
48,5928
38,2833
44,7178
17,1011
-22,0036
22,01
-34,9667
-20,2667
34,5022
49,85
38,1594
26,8696
26,3404
35,7533
26,6825
26,2098
11,9108
51,791
42,5662
40,8638
20,5235
52,6
32,1806
45,4
35,3333
44,9328
53,644
48,5967
25,6192
25,9916
47,4833
43,6281
25,9068
36,6383
40,9884
17,183
8,6322
61,577
37,2981
16,4444
45,182
49,2
10,4446
20,9233
47,4833
43,0792
44,95
41,35
11,4458
26,299
48,5069
43,1633
48,0722
25,1009
25,9256
32,2726
36,3333
43,675
34,0999
47,9572
9,6833
-21,7258
1,1194
50,4144
48,2967
14,951
25,4809
32,3274
37,9167
36,0028
61,4833
5,923
4,7336
15,6328
7,7667
47,9667
39,3036
5,1667
48,6969
39,2365
4,5186
52,1
38,7797
50,335
37,6955
13,6
48,452
52,13
46,05
42,6465
41,7759
52,2339
62,2583
18,5275
31,2795
25,1961
34,7667
47,1667
51,3
14,7167
16,1693
45,4833
40,7272
17,2673
15,0091
16,2396
13,9122
24,8167
21,726
39,8228
20,9156
13,4325
35,8861
-34,2833
36,519
42,0544
56,7922
56,6667
48,6017
50,0167
39,4737
19,6989
47,05
23,8365
30,45
45,7333
50,5906
22,301
40,55
-18,2
-15,8519
49,5667
26,7474
14,326
46,4519
45,7667
52,2
48,6833
22,2998
25,7118
35,2
43,5141
31,7667
13,8888
-29,5
35,1091
19
50,8
36,0667
17,2516
23,2448
16,4139
-21,4667
41,5333
-11,0297
9,6737
34,885
26,3747
-10,4428
49,2825
25,5639
31,8719
52,2861
37,8333
52,5167
55,645
26,1298
11,4
51,6333
45,9
50,2
10,0369
28,4333
53,376
17,3477
11,5197
45,3
40,9167
39,6097
16,14
55,6405
48,0833
50,5
-26,5578
-0,0441
28,0408
41,831
39,2167
46,2522
-6,7
11,513
49,3486
17,3278
40,9241
45,8488
-25,9528
53,1637
50,824
52,7137
16,382
52,1031
42,7594
22,34
16,3528
13,3335
25,9541
41,1683
-9,0878
-19,6528
-23,1
47,9831
45,7333
43,0997
25,8355
26,9746
25,769
11,0147
11,1936
10,9575
46,3833
50,432
40,9625
42,1
44,8981
16,65
17,0725
43,765
51,7667
49,0833
25,7173
13,0685
39,3167
49,4167
44,7748
39,0433
11,8333
12,9057
10,6118
15,9653
49,4833
12,3246
10,193
15,3176
45,8492
55,9417
41,8292
36,5939
44,0827
23,4421
40,5092
53,3864
29,8828
26,6945
5,1333
53,2333
47,4833
49,5411
55,033
10,4286
10,9399
37,4597
39,5
15,6406
10,1862
11,472
-19,9478
54,5164
26,0957
41,7714
41,9
41,4831
37,9667
40,6155
41,5061
9,5297
16,8189
33,7059
4,4019
25,7777
22,1797
18,7171
11,0845
13,7214
42,0399
54,1417
14,0333
-34,8808
33,6753
36,3351
48,51
18,8032
22,6388
45,5
38,7
56,8867
16,72
23,758
25,9096
18,7772
30,6294
53,5151
5,3167
40,6
38,6309
19,9692
43,6431
51,4579
16,9698
24,8753
51,6968
51,7928
15,6078
13,2745
30,5271
25,5377
10,5267
50,4412
-31,3989
41,6167
51,81
40,0772
42,8465
31,9033
14,5255
40,4618
48,05
25,7746
18,4151
-30,59
49,7333
35,6264
-21,3639
56,1533
12,5491
10,9282
32,1444
35,1538
21,4379
41,7641
52,1167
35,4569
51,3855
25,6451
34,435
48,5433
-15,9333
52,52
37,1742
34,9386
52,8667
44,1736
32,4409
39,6886
54,175
10,7898
-37,249
16,8033
38,3203
41,9978
46,75
16,8833
53,6167
49,7
52,85
14,9167
26,3081
43,2566
-7,9167
24,5892
46,2031
40,8176
52,4568
-24,4514
-25,303
-0,2932
51,5228
39,7458
13,7
12,8781
37,6429
-18,1472
51,0714
27,8683
40,8412
48,3
50,3333
22,89
39,2639
41,0212
45,3667
40,5656
37,3167
44,9167
50,1092
36,6667
25,2092
45,5489
25,7919
26,4567
-28,36
49,0144
14,5551
16,8167
-3,38
41,752
32,9392
12,1903
52,9192
40
31,9453
43,9283
51,6167
45,07
43,45
-14,9333
52,4167
52,95
13,9702
10,5992
17,8589
-6,9269
50,3971
12,255
43,6667
-17,8742
17,047
44,6936
46,1333
31,76
46,55
-25,0978
41,536
64,5666
16,678
25,0291
-24,7
13,2291
50,5897
28,4778
52,4474
45,75
-23,47
40,1166
45,85
26,3488
33,9833
26,5461
25,3041
11,6543
38,8658
40,1304
29,5687
38,5973
47,7044
51,2833
13,7167
0,8667
35,2256
45,85
6,6833
45,2833
25,3796
26,075
33,5737
43,63
49,3103
38,756
48,7664
47,5656
19,7
-1,5833
45,85
-22,1
39,4929
20,7419
14,2333
47,8833
35,0167
25,2617
-20,88
26,356
39,8646
33,9235
40,2321
55,956
16,8839
15,3525
44,7167
40,372
33,4467
7,1
21,8256
25,0184
50,3744
32,3317
14,5167
45,3167
38,9948
52,3794
38,0167
-7,6958
41,5685
38,8307
18,8457
50,0814
50,6333
44,0043
32,2
47,25
50,875
25,4226
17,0802
12,9237
-28,1575
47,3
6,2333
13,6275
41,7653
38,531
-22,4008
5,1333
52,0411
6,6833
25,6664
10,7167
48,0067
16,42
47,9286
44,5528
15,2303
12,8006
18,1709
41,65
13,4142
13,6833
-30,0667
26,95
28,7997
27,2278
30,3854
37,8854
13,111
45,6833
48,6675
-15,6858
36,6114
26,8648
10,9253
42,9701
44,55
29,6008
38,867
63,65
-5,8333
50,5206
42,2313
40,0747
-15,9664
53,8333
17,5661
11,6663
51,15
5,3503
49,7208
21,6407
40,1783
-33,868
-12,4828
40,3833
25,9197
26,3977
41,3608
43,0813
-32,1833
9,245
22,2086
-27,95
41,22
16,1548
22,885
40,9405
17,436
43,0203
40,0168
25,0247
36,85
25,4379
42,3848
51,2986
54,7333
39,7444
42,1159
30,7467
48,7519
1,915
49,3667
54,94
27,1065
36,5433
59,95
6,7
1,2
42,7697
35,9833
-45,9333
-21,5869
41,0352
39,8966
-23,4108
22,1902
43,2907
57,4667
43,3333
48,8133
18,7294
52,7997
48,1725
34,5014
-25,5333
25,2916
41,0318
-33,9275
28,4528
16,2625
33,0167
-17,6333
45,9167
6,9789
1,9206
43,4333
39,7953
-29,0667
11,8
57,061
47,2
26,3753
17,9074
41,2185
47,9419
37,9797
42,9859
25,8997
22,1262
33,6503
34,0601
30,05
-40,8938
41,5235
42,6047
51,75
25,5111
39,4229
10,7979
25,6585
35,1
43,0903
32,9724
25,9635
12,463
45,9862
26,1801
24,3497
47,1734
10,2311
41,1599
44,0817
-9,03
29,838
12,5342
33,2421
53,3667
25,7726
28,0864
16,5227
25,819
44,9
43,0418
45,5047
16,3298
49,9833
25,3676
36,7167
39,2628
29,25
52,3544
51,71
25,1176
37,8
59,6294
47,4
42,75
45,35
15
17,4792
24,0211
-25,9333
53,945
-6,4167
12,3677
42,6671
25,8338
41,1162
56,7953
17,1194
26,0507
17,77
24,8721
41,8167
39,0167
-27,9619
-18,6047
49,6833
40,6333
22,4368
59,05
11,8957
42,4603
14,0706
47,9428
7,0333
2,65
48,8631
16,0506
45,7833
40,6411
-0,8742
37,25
24,8613
-37,597
24,8012
15,673
44,6222
46,0581
37,7654
31,2113
39,4492
24,3735
45,3167
34,581
42,1494
45,7103
-5,1228
-6,15
24,8698
10,458
-22,8928
55,983
55,6749
43,0197
30,9318
-38,3403
14,2667
49,752
30,675
43,9333
1,3017
17,9092
45,4761
30,1706
35,9358
22,5881
43,8253
49,0167
15,2072
49,1
54,0833
29,9374
-17,35
45,56
21,339
43,7
51,2667
50,95
44,95
18,3356
33,3715
17,6671
-27,7833
56,195
25,0331
28,6728
43,5239
58,3594
16,6916
43,2333
35,6767
12,0917
32,8015
10,7667
47,5
25,9022
40,5833
50,4897
53,4
40,5394
7,8667
25,9275
43,0447
51,0667
35,6756
28,4585
39,8056
54,91
51,6167
49,3097
42,4052
48,8667
47,1472
44,95
56,0027
24,5699
25,2417
45,6
34,7204
48,4167
19,05
15,9
18,6938
35,0876
34,6643
48,05
53,7025
48,3886
50,8
26,3923
42,0524
-18,9667
4,685
-21,1861
-8,5167
52,5682
22,52
42,3031
45,5167
48,65
45,0833
28,1667
56,5916
56,32
25,367
40,0116
64,8
48,6833
22,2145
25,6549
43,25
41,1314
23,6042
42,8821
50,7333
14,1167
16,76
39,2992
9,7997
28,3515
22,8313
-16,0713
13,65
-27,6667
25,8865
24,9901
25,9456
25,3909
14,9435
18,0446
17,5898
43,3111
40,5171
16,1086
-28,05
24,5257
50,9625
52,95
43,42
50,8689
27,1874
39,9049
39,84
-17,8167
38,702
36,9607
16,525
44,05
15,2465
40,7833
42,9136
-23,0117
48,0503
44,6347
43,0278
60,2528
15,0697
-36,2859
-36,2667
9,0685
45,6583
16,89
30,4519
30,4
46,7833
-22,7
-14,4
-18,9833
-16,1833
-19,7167
-20,2
-25,05
-22,8667
-14,65
-14,5
-22,2833
-25,1
-22,3
-17,4833
-22,3
-21,75
-21,7333
-23,5333
-15,8833
-21,7667
-23,6667
-23,0833
-19,1833
-14,6667
-16,4333
-20,8333
-23,8667
-16,1333
-21,6667
-19,0167
-24,3833
-14,0667
-23,0833
-15,65
-17,3667
-13,15
-25
-19,7333
-16,5
-24,2833
-16,05
-21,4333
-13,7667
-19,95
-15,1833
-19,4333
-13,85
-16,2167
-15,4
-24,6833
-22,05
-20,4
-23,0833
-16,7667
-15,6333
-22,6667
-24,3833
-19,1667
-22,0833
-18,4833
-16,5
-15,7333
51,7833
35,0025
39,7636
40,305
-34,19
51,7231
13,3833
14,4818
31,0537
29,1667
24,6102
22,001
23,15
-37,49
-9,4828
-6,77
-40,9667
25,4658
25,5821
13,8833
39,3803
19,2006
13,9667
-11,2833
48,2167
26,2674
47,8167
50,75
39,2903
15,0105
26,7998
43,335
47,9681
22,9501
38,7285
48,25
17,0185
45,1333
54,5833
49,1556
14,7543
14,2535
17,6367
47,2167
49,4667
45,5619
40,2792
59,1333
-23,3833
11,3895
43,1667
22,8517
45,4864
31,5833
46,8078
49,4319
2,4444
15,0667
11,5739
44,0833
50,9667
13,5917
14,15
-20,1078
49,0747
17,7427
39,7621
30,0833
-32,6856
50,7667
53,1854
33,65
16,243
7,6667
16,586
43,7978
38,8475
11,95
8,6624
17,1055
59,35
3,2694
47,7653
25,112
37,0528
40,7572
28,5404
40,7091
49,1331
16,35
-12,8431
17,08
8,9678
8,45
15,3797
15,1847
9,65
49,7847
-28,4664
47,5281
17,923
25,95
39,1023
48,3939
1,35
18,2536
25,8509
23,9379
43,6486
45,65
42,174
21,6667
43,3189
-7,8289
13,3168
31,7134
39,6349
19,8
16,2955
50,1614
17,17
25,8108
25,6492
-33,285
47,52
45,135
45,9624
45,5167
-33,4189
-20,8908
26,4136
40,2316
32,6653
48,0933
35,2477
19,5856
49,4819
22,7909
5,5
38,7962
40,7241
50,3558
39,4797
13,137
40,7996
41,4
49,5058
43,7722
8,2312
55,975
52,731
41,6833
5,7167
16,9611
41,4883
25,4449
15,4036
45,3409
49,3903
-22,1678
27,4833
42,4333
23,4865
19,4419
53,0261
51,4
37,4833
17,6638
26,1911
49,3343
46,6
2,6661
45,2833
-12,1833
46,6747
49,7403
37,9022
50,5214
16,42
25,8937
11,7523
52,4
36,0069
26,4081
28,762
46,0667
-31,65
6,1333
36,1997
45,8322
31,555
36,5793
-7,6408
24,7866
26,4912
10,6747
40,1297
40,9363
48,0167
47,6206
32,8073
28,1529
53,3
48,1606
-19,0667
14,1667
35,0243
25,1619
54,69
17,05
41,9663
-8,7289
4,6547
54,1622
15,7096
11,3741
11,3004
25,39
18,5333
17,7929
44,9333
55,6519
52,5278
40,8751
19,1586
-31,8667
-26,02
51,3667
25,0344
25,5037
25,7983
12,87
18,2256
45,2333
16,7242
-20,1667
15,79
35,5261
25,1744
38,6377
40,7619
10,4714
52,25
51,1485
45,4167
15,457
36,6061
16,43
53,0804
35,1392
28,4778
40,0237
50,71
5,6333
39,1378
38,9373
42,1639
50,5167
28,3122
61,5996
48,99
50,4994
45,2933
16,7333
49,1883
21,4412
43,3474
41,9667
16,4669
13,2389
40,1583
21,9458
40,75
43,9425
40,054
56,45
10,7106
33,6682
-12,9344
33,212
62,0833
-8,23
51,25
26,6513
8,4906
25,174
60,6333
26,3344
40,0801
30,3598
17,0465
40,7461
38,853
43,4333
12,0702
-36,8167
50,4333
19,645
45,8
17,2103
10,7543
53,45
49,5833
39,0886
23,6425
40,1839
-22,9667
46,9833
33,1757
5,7425
28,4868
28,9451
49,715
25,8605
10,6099
9,9811
19,1756
13,8
52,2291
-22,3328
54,95
52,0245
10,73
33,4773
38,3716
38,8878
26,1329
17,0331
43,7447
52,8167
56,0222
24,2508
10,65
25,5576
13,5333
39,0892
43,2167
39,6167
47,6667
27,7235
55,6
18,7504
41,7724
-20,4158
40,45
18,5661
9,8149
50,3158
44,5458
52,651
-44,7
2,03
41,1192
11,6446
25,6018
48,2822
48,5556
47,0967
61,8
50,7075
40,8389
22,15
-17,65
11,305
33,3135
16,8602
-14,8203
53,0058
24,5309
54,6333
38,0645
20,1842
40,45
26,4815
53,5442
52,923
17,7667
32,3839
14,6167
40,8233
41,3977
48,0114
10,2369
-23,0333
26,3434
25,304
46,2167
48,8667
53,274
10,2599
27,4792
40,9264
52,9161
-24,1543
-24,5531
55,8699
45,6833
30,8758
-24,8205
40,3227
45,8483
12,414
51,1234
26,2698
40,0853
10,3042
4,15
2,0383
10,7244
60,3972
26,7356
39,2273
47,52
47,3167
11,7276
13,3458
39,4688
25,271
25,4829
2,75
49,9333
42,7
8,61
40,244
47,2
25,1233
23,8298
25,0905
25,4098
18,6942
4,5667
48,5658
23,2225
18,6155
48,0167
48,05
29,3888
48,1108
32,155
26,4771
16,7123
44,6167
28,8915
12,1469
16,3064
47,3153
26,5697
47,1333
43,5525
45,6731
18,754
14,5237
26,1546
30,8433
31,7028
16,83
37,8103
10,6167
50,5833
10,1599
25,1777
10,6344
41,9736
43,1797
33,669
58,3
-36,8667
16,48
26,2235
24,4976
45,35
39,9151
43,47
19,1264
41,6222
51,8167
26,5091
48,5312
10,4944
10,3667
32,6806
-8,4667
-0,0608
45,7333
32,7867
16,1589
17,1667
26,4083
27,83
37,6167
-33,6358
40,8167
-31,55
8,4
39,1063
40,3991
-1,8261
43,93
57,0333
-16,0444
15,55
8,9959
27,161
45,4
49,1981
18,9764
46,1175
48,4092
26,1
17,4014
39,9687
35,0282
35,9208
47,3167
12,6073
25,5771
22,4995
52,5333
25,4374
16,8774
23,7554
32,7128
50,2622
46,9688
48,1967
26,1821
30,2167
47,3433
34,4383
40,1333
-20,219
18,8333
28,9619
26,5249
51,759
11,3353
25,1
14,6
14,5507
17,2372
45,3167
52,1333
40,4825
49,8667
13,4333
31,7069
17,7034
11,8722
37,0519
-13,3167
18,5
31,3102
25,7238
37,2294
32,8311
51,2778
30,0315
48,9556
16,55
19,5008
13,2544
44,2333
57,3294
38,5669
17,1036
12,7034
-25,6667
12,5333
56,072
-28,2619
1,0581
48,6922
34,6818
-7,0908
-11,1919
-20,2458
25,1795
32,0561
35,1448
48,005
33,4264
32,6617
37,3503
-40,5167
49,7811
38,6455
-34,9
40,5808
52,1167
55,4529
30,3391
26,2478
48,1
47,5958
40,2497
45,8064
17,2938
46,2164
10,9694
8,6931
49,9328
36,0993
51,85
41,5547
17,5211
-14,2958
-6,3689
47,45
26,2163
25,2889
45,7
36,5833
-23,3
48,565
38,8059
39,4653
15,2303
25,9081
17,4887
33,05
32,552
31,05
6,5667
46,3806
47,1694
46,7928
14,1632
25,7647
41,5714
35,5464
26,6433
9,9266
44,6167
16,4402
45,3
-19,4833
8,8658
-20,2758
40,2941
13,6
-51,5333
22,6435
20,13
30,369
40,364
44,8928
27,1628
10,3
40,6333
48,6603
24,8602
19,1297
38,9386
42,4353
-29,2885
4,9957
43,5244
54,6242
49,2475
47,8942
41,3855
46,4258
47,1833
25,3621
7,3899
-1,7
53,526
45,7583
12,05
39,7335
58,1333
41,7667
50,515
26,0222
17,4716
-12,48
18,7458
48,2083
35,57
37,4639
5,1964
49,84
10,4127
39,6627
40,9628
40,5944
25,4252
32,2667
48,5503
48,1875
47,2781
39,5404
39,8327
62,3564
46,2917
50,3942
16,9771
10,4292
14,6667
25,8838
11,9922
39,2883
16,3667
19,2586
17,1329
51,72
13,67
22,9808
12,5311
51,75
45,6075
51,0333
44,0036
26,0607
37,0706
52,27
17,3974
25,663
48,3397
-15,9028
47,7894
40,3277
44,37
12,25
22,1704
47,58
13,1945
34,8333
48,3842
53,258
12,5828
30,6726
43,8333
-27,0019
35,0333
60,0708
17,9004
42,1347
60,0333
-7,1786
33,5719
14,1688
25,554
26,3272
44,9667
16,4167
51,0833
25,0592
40,1086
-32,0025
52,1461
45,8306
67,4167
48,7067
40,9833
36,6794
18,5083
25,5509
40,9047
35,085
52,1849
54,983
14,4333
22,6167
48,6372
17,7883
12,07
12,0885
-38,1722
48,1167
36,7522
25,3776
54,3667
38,3833
51,8225
41,882
51,528
10,7626
34,7181
32,8444
40,4644
22,6149
43,9346
38,3717
10,8125
20,9167
41,3688
29,8667
-23,0761
47,6556
45,9216
45,55
61,638
-19,25
59,35
39,45
46,6868
24,1638
30,3084
49,7333
24,1044
46,1353
55,0667
10,55
-17,735
26,6322
40,2505
36,9233
25,8323
17,6319
36,6144
16,18
25,5301
37,4019
38,7333
50,5833
22,3669
16,4609
40,914
34,4987
49,8542
26,3333
15,0667
34,5222
34,9985
-13,1833
6,8167
9,4423
35,2852
40,7977
38,5192
51,5667
54,6613
43,8833
1,8236
16,4442
9,277
-5,3014
46,1333
14,4921
47,9414
44,3497
18,9655
10,7772
-16,0033
47,25
10,1093
48,7667
50,205
44,7292
18,6708
43,2405
56,1
12,886
12,3792
40,9098
-11,7097
47,1833
11,7742
40,7023
57,9167
24,6501
27,8722
18,45
43,1113
16,9952
45,2
14,6268
9,3333
43,8333
45,6833
45,5667
42,84
34,1333
44,525
25,7979
43,1667
43,4167
47,1343
41,6337
-10,1008
51,6089
43
52,73
17,2814
49,5625
-11,7828
23,5582
25,0748
43,4499
-16,6247
11,9282
25,9213
26,34
48,9408
7,3419
40,5364
52,1608
49,49
26,2642
57,7833
15,6392
26,0026
17,7694
10,2556
50,4947
10,359
10,3418
46,9863
31,9503
-22,0289
46,1533
46,7936
25,9163
16,7342
40,05
-26,2328
34,7247
15,266
38,1266
48,9139
25,6046
39,9057
-8,5789
44,6833
47,9928
14,2096
29,316
36,7
47,3
46,55
49,2678
-22,0016
7,0333
25,0894
25,2234
12,5505
23,2204
42,133
16,8939
42,8167
11,3983
23,2641
21,2167
58,5667
49,1028
52,8833
21,4392
-15,6167
51,6833
25,7131
48,9658
49,5189
11,4639
-2,1708
3,3736
39,9333
0,8658
50,65
46,3878
33,8632
15,3753
33,1017
50,75
17,5156
42,35
41,3783
12,8292
48,7767
37,5833
18,6383
46,75
59,9333
40,9781
16,539
35,8542
40,1167
-42,1
4,7903
14,1556
39,2297
27,8876
50,3883
50,6736
11,7393
40,2424
49,4297
10,2243
43,85
-12,0169
49,4269
35,067
30,8019
13,6287
26,0719
13,8984
32,5775
15,9492
25,7932
47,1333
43,5286
27,0931
37,6695
57,2444
13,78
24,0464
6,5542
25,5665
45,85
43,3213
50,25
55,6
-23,65
26,2149
30,176
-27,6667
50,0017
23,42
35,1524
32,0131
40,7423
37,9108
38,8945
35,7877
35,8728
33,756
14,4333
40,75
45,5333
34,6039
28,3897
11,7
32,4353
33,05
41,5492
40,9533
0,9667
50,8086
42,4184
1,01
39,7333
41,1244
45,8521
22,7933
43,8556
51,4208
32,2539
34,2656
37,6552
31,2858
16,4867
10,7324
15,4969
10,7525
45,4667
45,6
45,1333
43,1731
15,2229
40,283
-2,0025
23,0983
44,95
10,55
45,2667
39,8906
47,0875
26,0711
8,752
45,7167
-25,6728
55,75
9,869
17,0055
40,3676
18,0786
46,2167
52,65
52,7139
-23,865
48,6833
52,9006
51,432
26,9104
51,0281
54,3722
49,3864
26,1287
25,0829
10,7375
11,3701
40,3
49,0667
-19,5517
43,0196
46,8833
51,0061
45,6333
43,5675
34,5044
36,3155
50,6039
22,3
25,9506
16,0528
24,782
40,06
39,1577
69,6956
-24,2481
41,5
16,9853
38,0562
15,7286
25,5588
45,1833
33,0327
45,2735
37,1703
8,6987
13,7228
9,9038
22,4219
43,6175
42,0066
-13,0833
-23,75
10,4709
34,85
24,8907
14,7385
40,2789
47,7667
47,2886
18,1333
44,0833
-28,25
53,4004
35,135
7,1111
50,4167
43,35
31,7453
25,9156
25,8249
45,6667
52,8756
35,4572
37,9031
43,9167
-14,3878
48,6392
52,5787
41,3657
41,4706
50,1167
51,6167
45,0417
40,5184
29,3177
32,6748
6,4533
-29,2167
38,05
40,3134
46,3426
52,3833
46,3611
25,0405
39,046
16,3997
25,7514
18,2787
-21,2
48,9333
26,433
40,8333
36,3928
45,7719
41,4034
49,9217
31,1663
40,8698
-29,7972
49,2908
14,4267
48,9
-20,8833
49,0772
26,25
41,7981
34,845
40,1639
56,8032
12,6986
19,0908
40,2944
30,9667
46,0333
15,0818
-28,8636
49,8833
37,8915
-7,9939
11,8057
25,8415
37,8211
-13,6167
48,45
25,7986
39,8639
41,5518
48,3
6,5333
49,0833
56,1643
25,2452
53,3
39,2408
35,3536
47,2389
50,6242
43,75
33,8789
21,9721
41,5842
25,9731
16,4406
16,3518
38,8187
51,3
32,3828
34,4789
30,4367
53,9944
16,7804
19,3849
18,5261
-16,8894
44,8628
16,4722
44,4167
56,6167
-2,1078
25,0785
38,15
34,3671
35,566
63,1667
43,5506
45,9231
14,6072
51,1167
45,7167
57,6764
40,6333
50,0167
22,7737
55,5333
41,9833
30,4
24,8566
40,988
50,0633
24,8015
26,6151
42,7917
45,6833
51,8764
35,5528
53,322
25,1702
42,685
23,1712
24,6639
47,9556
41,8667
22,6419
41,247
19,55
-8,1324
26,1586
13,2397
16,2836
40,6838
17
42,1147
23,2766
26,2479
42,55
-20,4078
-22,6819
10,7645
10,464
25,7885
-32,165
48,4333
-34,7833
46,7682
30,3364
40,0823
52,5667
8,206
27,3125
35,6081
36,9755
42,35
45,5667
39,1064
58,8333
48,8
53,4833
13,6308
17,4601
10,424
49,8694
51,898
36,6981
40,9334
-21,4894
50,7
21,8585
40,2
41,4472
39,6833
34,2714
10,3178
25,606
45,5667
52,7167
17,7042
15,2235
38,6833
25,6636
12,6667
58,4167
34,4595
25,5489
26,1951
39,1139
35,556
-22,0286
-22,95
47,35
22,4315
26,2769
58,8667
52,7403
47,6167
14,3333
51,9831
39,9222
36,9323
51,8
52,396
17,17
-21,1333
45,7333
54,6614
21,75
39,6967
31,79
34,71
26,4929
34,0543
55,4
17,0941
5,6092
60,5333
32,8229
44,7554
36,4778
26,2647
24,3756
9,8732
10,1857
43,7167
12,911
22,97
52,4667
0,73
49,35
15,3333
8,7
15,1644
22,2211
40,4768
28,887
53,7389
25,046
52,1117
46,9236
27,9981
47,3
47,3019
5,8614
18,5167
11,2511
39,4333
18,1398
42,65
26,23
25,2128
39,8374
55,85
25,455
48,2408
35,7689
14,4972
53,0667
-21,5167
49,9675
38,6145
34,7248
43,054
12,5061
-28,1833
8,2012
15,9301
17,6788
19,1481
43,3469
50,5667
18,3746
32,6434
48,5028
45,3719
16,1917
51,3667
14,5833
18,1875
40,4206
30,2268
10,7339
23,1795
40,8578
50,225
11,3891
-16,9969
49,0792
35,6833
41,8828
54,85
45,0561
35,8658
33,0333
14,0131
49,5333
48,1603
26,1321
46,8221
41,8275
39,8167
7,1333
41,8167
36,5055
35,3167
13,2167
48,2728
-34,55
27,6422
48,0397
-32,2667
-29,5389
36,2167
29,84
6,6767
51,686
39,8667
16,517
16,4906
30,6186
47,3667
38,9167
23,7348
13,7399
30,0019
43,5614
24,4843
14,2682
11,7763
41,2
50,4531
57,177
12,133
25,6079
44,5167
9,7167
32,7333
43,0019
47,9614
55,823
25,1348
13,6903
9,7571
25,7897
31,1333
25,7062
23,1478
6,8
47,1833
42,1333
20,2667
9,6268
48,8392
47,4833
42,1693
-18,0167
53,97
17,9142
51,9517
16,54
41,7469
33,9434
18,8022
43,6833
46,2167
52,2167
48,0536
50,3675
60,7167
15,7667
17,05
50,1644
10,75
50,8303
34,2664
52,0467
10,48
16,073
33,2
20,1
46,5467
38,7933
30,7773
30,5619
33,21
13,315
45,6
30,4998
48,7417
11,5833
25,6831
26,2314
37,2119
40,9733
13,6806
10,4733
16,9047
11,4415
40,1467
47,9969
52,832
26,1734
15,9069
11,2872
15,2728
34,3309
40,0658
37,0728
50,6667
26,6444
37,7833
43,3333
13,6833
46,5775
47,05
43,3967
10,9808
39,8431
35,3114
5,5313
16,547
36,6667
18,1799
40,2883
42,0812
12,65
35,8978
54,4
47,9194
16,128
44,7494
47,4092
50,7825
47,8167
52,4502
47,2524
47,9
51,3
41,541
53,9333
44,7358
10,1581
15,4774
32,7506
54,3694
35,9969
26,9889
15,7933
37,4353
45,8
30,1067
37,6494
47,7167
16,3522
24,839
15,6997
45,8833
43,3103
31,3
27,8923
37,7263
30,3701
8,1824
26,1633
39,8924
19,6075
53,592
34,9967
16,746
-7,4333
48,7019
10,4918
6,4
22,8491
11,3239
40,1575
11,9998
26,1497
14,9679
40,7976
39,35
51,272
34,4384
12,6333
40,9986
26,5216
42,5549
48,7025
49,6167
52,7252
40,5265
40,6746
-29,616
-3,9833
25,4702
21,2365
40,0249
49,3167
43,5769
35,4606
46,5217
25,1559
48,315
53,775
42,75
40,5964
-39,45
25,3861
34,0008
41,5569
52,4478
55,9667
60,8833
51,7011
30,472
26,0268
10,1037
15,9581
9,9369
50,6686
10,7498
42,6282
2,2167
48,8461
38,0094
51,1928
49,7167
52,2167
59,8283
52,695
49,5592
8,6413
15,79
10,118
44,3333
51,3
26,5609
26,0028
48,2308
64,6
51,6675
48,251
43,3882
32,8095
-17,5269
47,2644
51,5926
26,2306
25,9711
32,2222
18,9
31,9283
26,5559
-28,55
54,6318
43,1486
4,5167
14,0209
26,1593
15
12,7856
38,2242
48,2142
18,5853
44,7253
49,3053
9,9772
44,8029
41,3704
45,6193
52,454
15,1069
60,7867
39,2333
44,6833
43,7237
40,126
44,8333
47,8814
46,6428
11,6021
25,9467
14,92
36,2631
25,4118
42,45
42,3222
-0,71
55,9667
50,2
46,3336
64,4656
56,2333
4,7942
40,2183
31,55
40,8667
54,9056
46,4366
46,95
43,2228
-30,9667
54,8667
44,65
45,2403
55,4333
-33,8339
5,6167
50,95
46,3903
-0,2661
-19,5744
-26,5167
-28,1833
56,3167
49,5858
45,643
-21,059
-8,7239
-15,47
58,8833
19,465
70,6634
45,2
52,458
50,5619
43,0167
54,2111
-20,0765
44,2659
35,905
7,9667
-3,35
47,0833
43,65
9,0221
-42,45
-33,71
49,0167
2,0528
52,48
18,3702
2,25
-49,3
54,2478
-8,7667
-10,4667
-0,08
40,8255
9,26
18,49
53,3333
-37,05
63,7598
3,45
-14,9911
-34,3
45,9551
45,7667
48,6917
-33,6739
36,0451
56,55
39,7611
38,9206
41,8464
0,38
0,7911
-6,2226
-37,8333
16,917
-34,1989
66,7167
55,6333
12,45
11,754
49,4167
45,3606
46,4833
-34,5667
-15,017
58,981
40,6103
57,0667
26,15
-18,1667
46,5437
21,74
-17,2658
42,0264
48,3611
38,7753
-37,1383
-0,9025
5,2667
41,5142
1,6287
46,5094
-31,1833
47,5028
52,4997
5,4
4,3167
52,698
44,1833
-3,4833
-13,6667
42,6
48,2167
10,2
46,5153
-13,55
-29,4658
53,9833
49,8681
19,5686
58,454
-16,0667
-4,2
-37,2833
41,0708
4,775
55,8833
-35,2244
46,05
-6,2158
56,6042
-27,0813
-17,6077
41,1833
35,8897
-1,5
56,3667
36,0436
-0,21
-34,6708
60,155
51,7502
43,945
42,69
45,9048
45,8861
54,3167
-33,3833
-20,2106
62,666
57,1667
-19,7906
53,6394
7,3821
47,2167
57,5167
46,0667
56,85
0,3
-30,9667
29,1081
-37,03
48,6333
-32,4925
-17,5167
53,6333
-7,9667
-31,6531
-17,6
19,3011
-26,5733
44,8333
-22,3451
-23,3539
-23,9
-36,235
-31,6288
-2,4014
20,45
-35,5333
56,0594
10,4404
-49,983
-26,45
42,8431
16,177
-17,4044
10,656
-23,1288
63,45
-2,0306
51,1
-21,4333
-31,6167
57,4167
27,5833
-41,3
23,8918
27,55
-15,8033
-35,3533
-35,3047
41,4328
6,9172
59,4592
44,4561
55,8333
16,756
-8,1056
-22,1167
-51,65
66,6814
46,1626
45,3833
42,4761
-8,85
-29,4333
6,9639
-2,19
39,4
11,299
-16,2748
45,7034
-8,5167
46,1342
-31,35
18,45
-24,8333
-0,615
28,9148
47,1667
47,0333
67,4833
46,3425
-37,7712
56,3
35,8597
40,2333
55,7333
54,6333
47,8167
49,8117
53,2333
-35,1125
-3,9167
41,7078
46,0025
55,0361
42,492
-26,4465
5,7504
55,2333
-24,4002
-25,961
47,3333
-39,3333
-18,4681
18,0706
71,6269
39,7953
47,141
-20,6667
12,2667
57,1333
5,8833
-42,6219
-37,05
-34,4167
39,1519
66,9389
0,6108
60,63
59,383
44,5167
-3,5047
58,0536
-17,4658
-28,6431
42,3167
54,75
-2,55
-30,3167
45,5711
-40,1
42,9089
-24,2178
12,084
45,7069
-3,25
64,2833
54,95
-28,5461
8,0667
30,4837
49,9661
-29,5333
-33,6
42,0783
45,1117
35,8822
46,7778
-35,9667
-13,2672
46,1382
-2,3889
-16,3611
58,9944
56,2667
42,3583
68,05
-27,0796
2,1156
49,626
47,1
5,5
-19,65
16,566
0,5302
58,7469
-3,4167
-0,3214
26,3504
42,5667
46,3383
42,61
-8,5935
63,0128
-21,9381
-24,4167
57,4333
46,2314
16,323
56,8333
16,1005
-12,5329
-32,0833
-1,4069
46,251
-22,2896
-32,5667
27,0583
55,35
49,6806
27,0333
67,4667
41,1392
-38,6056
46,1479
1,6553
-33,4833
1,25
46,2176
56,2167
46,3688
0,7833
70,0803
1,0167
36,0503
41,8337
42,555
45,1
11,5767
-36,0806
5,0164
65,797
42,3656
53,944
17,202
69,2167
54,4444
34,5506
35,8483
22,6783
45,9333
55,4833
68,2353
-25,4333
41,6381
62,2375
-41,7581
69,2294
47,0667
63,9241
-19,5533
1,51
71,9797
46,5438
-46,5886
-17,5167
57,7667
45,0519
43,5375
46,0092
-15,7736
36,0381
-20,6403
-21,0375
-48,7667
18,3254
55,9667
55,1333
-3,95
25,6959
47,2167
-36,2167
39,7583
39,3997
62,7833
47,2167
35,8833
-28,0167
-18,1794
-13,2606
46,1167
40,2967
-18,6508
45,5679
12,05
32,0167
2,635
-24,2162
-25,3333
-32,936
67,656
18,0257
4,5828
-35,55
23,6936
46,5386
8,41
62,5333
56,135
-34,2411
15,186
41,37
5,4444
6,4456
-34,2833
-20,31
-38,6
-5,4919
69,7
40,5
43,9346
54,4167
35,8931
45,7964
49,5444
-42,05
-21,207
-18,9344
-30,7
35,8981
40,5367
6,75
19,6008
45,9104
46,1353
-28,5517
-26,4833
25,2167
54,2333
0,8228
-18,6508
59,4515
40,8175
27,58
45,2269
-17,3333
-32,95
46,5057
42,5333
-18,3606
45,5283
39,9833
15,11
40,3333
44,3337
68,7501
21,459
-19,3
-27,3167
45,9284
11,4
59,084
46,3581
46,0469
35,9264
41,5133
-33,6908
35,9197
65,736
-3,2194
51,4666
20,2011
45,74
35,8603
42,05
0,1333
42,96
13,5341
-28,8167
-24,08
43,95
-36,8981
35,8417
69,7269
46,1857
-32,1167
-16,4834
27,275
-15,1757
-5,0911
-10,45
-34,65
67,4667
-33,9167
-20,4016
-32,5667
45,0806
46,2667
-37,6996
1,7667
66,7667
42,4828
-26,2172
52,9833
64,7333
-14,4083
5,1964
-33,8333
-38,9889
35,8442
48,4172
36,0331
-12,63
46,1563
-29,1286
46,5742
-40,8417
41,4114
18,2208
65,8333
55,7167
46,5168
7,1114
46,1394
45,6517
64,8619
45,5793
46,0207
36,0269
51,0086
5,38
46,5206
1,45
-28,7014
48,3853
2,6711
57,25
35,9042
9,5167
46,243
42,3344
54,6028
46,5903
46,6752
-8,9833
35,9014
46,2182
68,7097
-21,2019
60,4566
15,138
-25,05
60,7222
42,0775
27,3326
56,9333
45,9836
-26,0296
22,6667
58,9981
35,8892
26,158
3,7575
-21,4167
3,3833
35,8483
64,26
29,7425
36,0708
46,5631
41,2031
46,8053
46,3798
46,375
-20,5636
7,0667
45,4833
-42,7156
20,2167
-22,6939
46,6152
-36,3118
-39,8829
0,7569
1,9352
5,8
15,028
-8,1333
-21,5264
-45,6869
-47,2547
35,8878
35,9241
35,8342
13,5
-26,9667
3,9105
-23,4422
27,5833
4,6797
42,8236
3,2094
-13,3042
27,4994
46,4529
45,9197
5,1038
47,1181
35,8881
-30,2164
66,0758
54,654
65,7461
5,3258
5,4667
35,8908
-5,88
-28,8667
5,2825
42,3667
41,5161
-26,4016
43,9106
64,4235
-30,7167
-20,7047
-21,9331
70,6183
-4,5083
-22,0333
15,2137
50,6667
5,0667
46,2933
-34,2
-19,1667
-16,9817
41,2208
46,606
30,8333
64,254
7,5181
55,3033
-31,482
6,7167
-0,8496
41,2403
46,2809
-27,65
-5,4297
27,2134
10,185
65,2833
-16,1833
71,9653
45,95
17,8979
-23,91
47,245
-39,2166
46,6167
46,6497
36,0353
-23,9169
39,4072
46,2219
-45,4167
66,3221
45,9692
29,2333
4,73
5,5931
41,5775
-16,5667
-15,7733
-3,0382
7,3483
-51,7
-42,4
35,8933
45,9374
-33,4667
46,4697
-0,9568
35,8419
39,6408
46,6428
49,9
5,8775
14,916
43,9457
-23,43
-13,6556
35,8333
-14,72
36,0244
46,4996
6,1482
45,8476
-9
-33,8611
45,6833
-1,5667
46,3381
5,7628
61,95
-37,2
-36,85
-43,9514
45,6546
42,5194
9,0833
-1,7496
24,6333
39,7203
1,5889
0,7244
-13,8019
46,0658
41,3169
46,5381
49,6444
65,6136
-41,1667
46,4086
64,5333
-0,1296
45,7864
36,0406
43,155
-9,6954
1,9522
-34,63
18,0237
-32,7167
40,6171
41,3358
46,4431
63,0655
41,7258
35,8992
67,6919
46,2749
-42,0806
46,2742
-19,6639
46,2281
78,22
8,6
42,4019
45,682
35,8864
46,2488
46,1897
56,6
46,5053
41,7592
56,9718
42,5619
46,2225
47,2167
35,4167
-54,9333
-20,45
-19,92
46,5856
54,834
46,2369
-10,4261
46,6388
40,9078
46,3378
41,4667
-15,7
-45,0167
-40,5833
46,2243
36,0611
5,4804
-30,1
41,8542
52,6636
-7,4329
5,6681
46,5992
70,0171
60,8
-34,3667
46,6194
45,8962
-15,7355
-28,6083
-18,23
24,2622
54,3483
45,6667
-24,0961
50,05
46,0189
36,0303
46,4854
45,8389
-32,9667
46,1278
46,386
-14,9667
-29,275
-20,165
70,6747
39,9111
46,0441
-37,3786
45,9476
70,7522
67,7206
46,5514
-36,8167
-14,5495
2,1881
-0,7431
-33,3167
11,773
61,9944
10,9167
-13,6833
2,0167
1,6367
41,0419
41,4406
-13,4528
-27,71
-32,1879
46,4299
41,1083
46,406
-14,4667
8,2
-9,1014
41,4128
-23,5569
-20,7406
-27,5667
-24,7257
39,4362
-19,53
-0,757
-13,8167
43,9256
46,023
40,9053
46,5747
27,0667
-23,6
46,088
-13,5194
46,1069
65,5842
-15,5333
67,55
16,9886
-26,02
46,3135
73,507
27,4181
43,15
46,3333
-23,4167
72,7869
47,2336
54,7
-17,5238
56,3167
46,2464
68,8201
46,6065
29,0167
13,4745
29,3489
42,73
17,4833
-13,2833
-35,0667
46,2961
45,858
-20,8438
18,3461
-33,6833
15,118
46,3933
-20,52
43,9089
-32,799
46,1356
-12,4167
-13,85
46,6515
30,15
36,0364
46,0533
56,4583
41,4958
-17,3167
-28,6278
46,5818
46,2073
45,7545
46,3202
41,61
-5,4746
46,5719
-8,6996
-35,6883
46,3825
46,4122
-22,3913
32,293
-25,2069
-31,34
42,0731
41,9406
46,6099
45,7616
69,2472
45,7142
46,3052
41,904
-17,5919
-21,64
46,4057
-41,8667
65,2667
-13,7558
46,4664
-18,2996
46,5756
46,6927
36,055
-0,5477
60,3808
-15,4825
42,1719
-41,0333
45,8363
-15,9251
61,6
70,1333
12,617
-16,1069
45,9426
-20,7667
62,4908
51,6324
41,95
45,8463
-21,6333
43,5171
5,5333
-26,5936
41,8833
39,3439
-28,8845
-21,5378
-34,5981
77,4667
45,8159
46,3297
46,074
46,7039
41,4758
1,1164
4,7086
46,7977
66,1594
-17,6167
-11,5583
-48,4683
-33,1396
46,35
-6,5095
-24,0629
-42,2667
-13,4501
40,1067
-19,056
-26,6161
45,8484
46,1573
41,8167
-19,0147
69,4353
-42,3
46,3951
-16,8921
-32,1961
-10,7167
-19,85
3,7667
-42,3833
46,6967
46,6837
-31,5569
46,3381
46,3801
-11,3196
-31,2306
41,7817
46,3247
11,9667
-8,9322
3,4717
26,3667
-22,7167
63,4608
-17,3167
5,617
46,5631
46,3956
42,2
45,8622
-17,4838
47,1833
-31,0833
-28,06
6,8076
17,6261
-20,7305
74,5792
46,3436
46,3699
-31,1496
41,9672
5,535
61,9125
-29,2111
46,1686
-24,9472
42,8101
46,8333
-25,3719
36,0583
8,4667
-16,7306
46,7193
62,2833
-2,9828
50,5306
46,805
46,6558
46,5372
46,3565
71,4333
-37,3167
-20,4531
46,825
16,7928
46,4853
46,3361
46,2884
-23,1903
46,5231
42,95
-22,4333
46,6087
-29,5333
41,4775
45,7015
-33,5817
70,4853
-29,0606
46,5248
44,935
45,9989
-14,2961
-13,8235
64,0167
45,9769
16,0104
27,517
41,4264
18,905
-46,9
68,7831
67,8778
-1,2175
46,5864
68,5166
-11,9058
41,3028
66,95
61,4814
45,7726
-2,8379
35,8858
-1,1833
69,7631
46,8285
46,0884
42,0975
41,8867
7,5006
7,5006
-30,4485
46,4833
73,3689
-13,2378
65,5753
-17,7408
46,0589
45,9069
-4,4565
-10,0426
-43,386
-18,2922
46,3174
-22,9097
46,5683
46,4201
-24,8672
-27,9922
46,4923
74,1111
-31,0833
-5,5808
10,5667
-33,1858
60,3667
-25,0219
46,566
-32,9164
33,1256
-19,9211
1,0103
49,7504
46,5182
4,217
-0,3333
72,3797
61,1458
-24,3594
41,9389
-20,7261
6,4
46,1369
28,9289
59,96
-25,8986
41,1865
41,9794
-25,4205
30,2558
26,5482
66,4171
71,6983
-54,2806
39,6003
-33,75
61,5264
45,5289
-13,683
41,9158
55,1333
76,0194
-25,0667
-13,9333
-35,9667
-0,9329
41,9233
66,6919
-19,1597
46,172
28,5489
25,3733
21,015
9,5586
-2,9042
-2,3328
-2,5161
-0,1166
73,27
59,0337
61,6333
73,2204
73,4833
64,3728
62,967
61,868
70,8814
57,6666
67,9886
56,55
70,9333
60,5816
67,6898
72,7666
61,1012
55,9004
61,867
60,1
73,3779
74,8983
72,5997
64,9004
71,4504
61,5995
57,367
69,7153
63,6667
72,9833
52,439
68,5
57,5504
68,4652
60,2004
45,5088
-12,5022
-20,9829
23,946
-2,725
81,7166
62,5333
69,6261
-30,917
27,0389
15,6594
14,704
-25,4745
-18,9315
18,8989
15,3503
18,4953
-30,1167
49,75
49,7652
27,4471
47,3
42,1553
41,9945
41,0893
42,0208
43,5708
18,0994
16,7064
36,0431
4,2631
2,9217
6,8874
1,8342
3,0567
4,3742
-14,9889
-15,3981
-16,035
-21,9995
-20,9167
6,3249
4,9267
7,97
22,5667
19,9569
24,342
8,1021
9,3833
-5,855
-5,4219
13,7177
17,4084
10,18
14,1167
6,2541
25,5669
25,4697
26,1167
42,5005
44,1979
43,8459
43,1968
43,8247
44,1869
43,068
42,3067
44,2213
44,3992
43,5836
43,0142
44,4708
44,3562
42,3514
74,0165
70,85
-6,7111
13,185
11,7175
-37,0675
-7,9286
46,275
46,6817
45,8339
46,3917
43,9061
12,7
10,6162
8,4774
9,9361
-27,1167
9,3646
21,3533
9,5511
12,5697
-8,5167
-8,7281
-9,2
-9,3129
10,6472
25,0143
-5,9897
-9,1081
-6,1333
0,8363
3,2883
0,2398
0,7642
0,5467
-0,6583
0,6263
1,16
1,05
2,4442
0,9061
2,9847
0,2367
-0,2958
1,816
-0,6167
1,9167
3,05
0,7811
-1,1844
3,53
1,2
0,0047
1,2928
1,1944
1,4175
2,5764
-0,57
2,4286
2,0525
-1,1864
-0,1681
14,3544
16,0748
-13,875
-15,2875
-13,6817
-13,8333
-13,7659
33,1757
33,7218
41,2012
39,5544
40,9825
-3,3444
6,8167
4,8067
-16,7795
26,8639
27,0333
27,0989
27,9167
27,3825
27,65
27,0219
-4,6561
7,0123
-22,3169
33,0023
40,9604
36,0819
42,6229
15,083
15,068
15,0339
16,615
14,871
17,149
14,89
50,9781
61,8344
62,2448
61,5068
61,4733
62,1156
62,1186
61,4055
62,36
62,199
62,0978
62,3263
62,2995
62,0537
61,771
61,8314
62,0717
62,1548
62,1096
61,5544
61,8099
62,2917
62,2079
6,8
8,0689
6,2158
13,45
-54,2833
2,85
53,555
26,9231
20,8504
26,1505
15,355
36,5633
33,6374
-0,521
0,0667
-0,7167
-0,273
-0,7813
1,2333
0,494
-1,0634
12,8489
11,4833
38,5242
39,3813
39,488
34,9897
36,6009
18,342