-90,4833
24,75
-40,2
-0,678
80,1912
57,6531
17,3258
-43,5489
8,7472
40,8667
-85,181
-39,5228
-46,8208
16,3106
6,3797
-13,6578
138,3622
138,4425
18,9839
29,9047
-48,5608
72,3
86,6471
76,7603
-122,7808
-9,279
-122,6262
48,3667
79,1973
86,7346
84,7582
75,8061
29,9167
36,2
37,9969
-6,1056
47,4583
108,365
-77,3471
6,7482
-2,7748
15,7833
-74,0718
85,2249
76,3333
-42,2833
137,7831
-84,3177
14,035
4,4339
-4,1667
3,2667
2,6167
8,0833
14,1167
-97,6182
28,3833
87,8623
79,5406
4,8769
-75,3522
141,8667
-71,5297
-76,3708
18,3833
-107,7729
-50,3017
6,4833
75,9
88,3833
-51,8667
12,6
82,6333
-89,7167
3,9333
10,5167
-85,8301
13,0167
-94,5747
-73,7167
-14,27
18,7833
7,4653
78,9784
9,3469
102,5125
-35,6333
108,6414
98,5317
70,5
-94,4621
-74,8207
-7,7725
26,62
-2,961
147,3083
152,9333
-0,0926
76,3167
-7,77
35,2667
-62,2
75,06
56,8075
50,8667
-50,8167
-53,0589
-4,2833
3,8617
2,7075
-2,251
86,2771
103,0818
-1,963
78,6243
136
-71,6203
5,5833
16,58
-74,9294
25,0022
7,5256
77,7298
99,4434
5,95
11,9
8,9667
69,3167
32,0778
-47,9078
87,8749
-85,4164
-5,5833
2,1433
-122,6316
-92,4708
73,0899
51,345
10,4333
-105,1711
-96,8833
24,35
78,5782
58,1061
0,364
-2,0413
-73,8722
-102,0664
5,7093
13,0439
85,3925
79,3151
78,0627
-81,7446
36,8167
144,2333
-49,1747
79,195
9,1167
84,924
-119,2083
18,65
-57,77
-79,977
79,4563
-62,2967
-91,3
13,3
77,6385
-52,7833
10,8833
-6,0167
79,7333
2,4737
-0,4484
26,3742
79,7827
-98,7175
-52,9833
-113,6497
-43,5828
-40,4333
-39,25
78,4667
140,44
-79,0331
84,4399
-90,0481
-72,8333
90,8772
76,7811
28,6833
18,1236
-46,05
-1,0127
77,8601
86,1871
-85,6778
5,8642
-35,85
10,2167
-82,7792
47,7
8,2167
73,5667
47,1725
103,6528
80,7222
126,1008
-43,3408
88,4743
46,0278
9,3333
84,8995
84,9211
-72,0487
-5,3508
-46,2
9,4667
-0,5675
94,301
-74,4302
16,5667
87,5527
-47,8247
1,3425
74,7352
-86,3187
8,2456
120,0853
77,6375
-56,3333
-48,4228
14,8256
13,5333
76,2431
12,9127
-117,0542
-5,97
3,5828
8,7333
77,15
74,8784
77,8981
13,3
40,785
75,96
77,4997
-41,2328
8,2028
88,7901
-122,3775
33,4167
75,5389
114,89
8,3333
103,7094
13,5333
2,0667
-38,6167
86,4255
9,5667
-2,165
84,6388
15,1667
75,6917
-93,0729
-96,6117
36,533
115,227
-74,3668
7,5833
86,4023
85,9406
-81,1773
25,5872
-35,3833
12,6944
68,9167
37,6833
-4,8173
75,8322
87,3999
26,9114
13,9667
-89,7072
74,7365
-100,3333
79,6508
-75,3445
24,3
81,7394
46,1292
88,0351
-3,0833
51,6867
-71,1167
-14,9333
87,4388
12,2958
-104,78
4,1019
86,0433
78,4861
-39,4208
75,7295
-75,4904
-70,0676
4,1286
77,858
88,0753
5,8572
121,2797
-41,5589
7,7403
-74,0551
9,6389
2,9433
86,2161
14,45
-45,31
81,0343
-76,4574
-1,8214
-0,0333
27,6167
150,4181
-73,1836
-39,45
7,2383
11,2987
24,0919
44,8
106,5069
1,9386
71,33
145,9817
1,9167
-42,8489
6,4411
-0,332
78,3992
100,1333
-8,4
15,0667
-40,1758
-37,5678
52,9531
-119,1459
-86,3833
-51,1833
9,1639
77,1301
-75,6622
-9,2292
-48,0728
-39,9089
-47,8833
0,6614
84,4815
-73,7068
-4,4514
36,45
5,0833
9,5386
-25,4333
54,5308
-43,0333
-82,3916
-52,1667
-3,9944
2,2277
12,5228
-84,3859
-6,0633
78,884
7,98
-5,027
-58,2833
9
75,8165
77,3909
75,8389
79,835
-124,0513
-43,33
-76,2492
-103,1833
30,1667
-5,2667
81,4729
87,8294
74,5725
-77,7783
24
-83,4375
-76,9356
-45,0722
0,5089
-86,609
-80,4844
-113,8
-42,75
-73,4667
-5,2976
-98,35
-3,0014
-94,9888
-90,0774
-50,3608
-5,8292
88,473
-74,1798
72,2
73,7704
-88,3065
-9,8044
34,1106
104,8983
84,5993
75,48
-64,3
-49,6808
-38,7667
-74,7171
33,25
-48,2289
75,16
-73,3921
-82,9996
-64,7167
-7,44
9,8586
21,0003
34,0333
-50,3328
-40,1833
59
28,5
-1,995
78,7
-42,0664
6,5333
2,2186
24,0833
30,3333
-74,4917
4,8797
-66,9645
-97,7769
13,2833
-39,8189
102,352
7,6233
-70,4618
76,3417
26,03
-47,5167
-40,5378
73,133
84,6533
10,4706
9,2167
-84,7258
-79,0594
36,5
-48,96
4,85
24,0328
9,3183
9,9
-50,3719
86,7104
10,4
60,8758
7,7167
76,6937
72,7333
-91,3509
59,4464
23,0333
18,1333
-36,4167
-84,2818
-76,8708
6,7417
36,2969
37,1928
-44,6008
11,9333
6,6833
15,8833
78,8667
85,4944
-46,9378
104,8881
94,7
-50,0667
-0,9667
-0,075
57,4383
-90,1333
-50,7997
-0,21
13,0833
7,5167
78,0233
11,9689
81,2618
-76,97
45,1944
10,4722
-58,75
-42,8339
-53,0039
14,5
4,9119
-88,95
2,4167
-75,75
140,3667
-39,565
51,1881
11,1833
103,6308
12,6833
7,6333
-96,8839
-72,45
54,2167
7,3147
77,673
88,5142
133,3333
-39,8833
-8,5
86,0257
79,7269
86,0257
-118,4486
-75,1333
86,3242
-112,189
9,32
76,7833
79,2514
77,8768
141,2264
-43,5689
79,4063
-94,8646
-16,9772
74,6914
77,6147
-82,4761
-73,7061
78,9062
84,7084
-8,908
-58,4
-2,718
78,0102
-84,1866
-98,5383
40,8
-53,0031
-4,1
-2,5441
-97,0722
30,9
8,4167
78,2248
-38,1667
-47,7689
-42,8083
10,2167
-149,311
-8,1833
-43,7889
-9,418
77,8225
-111,7724
24,0856
27,6506
102,5646
-40,6167
86,1493
-102,45
3,1456
23,2
86,3976
11,6
8,5342
3,8667
-35,2619
16,625
16,6058
78,5749
87,1671
86,0134
-61,5
-71,2333
-87,0522
-86,3612
-88,5377
-38,5167
7,9556
-9,8436
-71,2333
8,2333
106,4437
9,1864
-124,2364
-72,4075
9,7575
17,2333
-86,1529
-117,9887
17,0167
-35,7928
86,1027
23,1622
-81,6083
-97,6692
-7,2025
75,7917
8,8386
120,47
-37,48
78,3022
14,5947
-39,8778
-38,8333
72,7644
-89,5833
-36,2833
-43,9478
87,4124
-116,7874
-0,0844
-1,3556
87,3037
75,35
-44,2
7,4667
7,7092
-5,5586
7,3025
79,0996
81,5684
8,6089
80,8667
-73,6858
31,8167
78,8308
-73,0942
22,7333
-49,3333
6,0667
-82,2791
21,9667
-42,0078
-1,6153
78,4545
-104,05
13,5333
-44,8528
-1,6256
86,8781
10,9333
12,85
36,5167
46,4111
-44,3833
-1,723
84,9578
76,7126
11,45
-72,23
-44,2019
-8,8278
4,9536
-88,95
81,2206
-42,95
7,8728
84,9079
87,1054
6,0167
84,1962
-35,6333
-77,7703
26,7
99,6411
-2,06
-1,2414
1,8408
77,545
15,8333
-88,2167
-71,6928
-75,4153
-3,65
24,4067
-36,1828
-75,65
19,2333
88,4053
-89,6812
100,0911
77,5004
-41
10,2375
2,2261
-88,4358
-7,6136
-52,3667
15,4958
79,1365
131,0333
-73,0833
-2,2569
3,1117
0,4467
14,7
2,9944
-83,7694
-96,65
-44,5358
-41,8689
-49,1989
22,7
3,3939
-76,2167
-12,505
9,1379
32,4292
-73,3494
-58,4667
-90,0802
45,1446
-78,4953
75,5661
-76,4944
-85,246
-74,7775
125,25
33,2728
14,349
79,0859
4,8667
28,0819
29,7744
68,675
68,9333
30,7569
-2,086
-83,4402
-123,7542
-98,7297
9,2078
2,9481
-35,55
86,0768
33,6
16,15
-36,8167
30,5
11,4667
-5,9333
-1,3957
79,8756
79,0185
129,0017
-92,0388
8,8296
42,6744
-39,4139
-75,4607
100,5331
25,2644
55,7972
-48,8833
78,1833
86,7452
-117,1944
-7,0519
-105,2856
-40,0333
-40,7728
-1,7622
-45,78
-49,7058
-77,5728
79,9516
13,5575
14,95
125,5108
18,9892
-86,0922
-123,8053
105,6351
7,85
27,8
94,45
115,5167
-71,8333
20,7375
11,7667
88,3051
22,782
85,9858
85,925
80,7775
85,6461
-89,3478
31,3167
-49,8194
75,7768
77,227
-85,2578
28,8839
18,58
6,2083
-5,1052
39,0333
10,3822
87,4406
73,8333
8,6361
85,7474
85,6321
75,6218
69,6431
103,0811
14,5136
-3,5333
77,3532
84,4328
80,0089
21,5678
103,2992
-76,7857
-43,0908
-1,0438
11,0333
29,11
8,7347
-85,2479
23,1333
108,3834
86,3899
84,7608
100,5226
77,43
20,95
10,3597
10,5667
-7,2583
43,25
-58,0219
-73,0167
-72,2843
-99,5858
37,915
4,2261
-1,7
86,3114
-122,7877
3,1589
7,6667
-2,1737
-73,75
-3,0537
-92,5377
47,5333
-73,2
-9,152
1,5492
78,4108
-76,3726
-122,5128
80,1423
-5,5667
6,05
42,9861
-57,7097
75,5647
139,8506
142,45
-6,35
80,05
76,6697
-75,9998
28,6667
30,3244
8,6667
78,2008
80,5425
73,03
9,9
-122,5845
120,6
-65,6833
10,1
11,5739
-0,3989
-0,9881
-1,6083
80,5412
38,3
7,4667
99,0687
-84,2718
73,7667
101,5078
3,1333
-0,6039
8,3098
-2,682
79,0667
77,103
-109,5378
-90,1554
-86,5595
10,4667
2,296
99,7013
-0,7078
-77,7064
-5,6667
6,1428
23,7833
78,9645
13,1333
-67,1482
4,3833
13,6778
1,0222
12,4833
-92,2407
77,308
138,2355
25,4167
-2,0175
24,2833
77,14
-122,0969
86,4586
74,4333
26,2306
6,9667
79,9087
86,5907
80,9674
75,9776
45,7358
81,4128
-88,1602
-88,5365
122,0203
7,2333
83,2847
5,4667
-77,0194
76,1833
1,4753
-35,7128
75,65
76,76
88,4947
-74,044
5,35
74,0004
78,9388
-121,2296
81,3373
-0,7781
1,563
76,1476
76,9
46,0833
11,3603
42,15
-44,8
75,5833
78,0134
36,6
-0,2667
52,7525
37,45
12,6783
-75,188
12,3
79,5526
76,3739
75,5194
87,0916
12,1
-70,8835
5,5619
87,9443
61,4014
55,8922
17,7333
56,7681
59,95
82,8729
76,3
83,2833
75,96
50,6617
122,05
19,0406
8,5897
-109,6964
86,7233
77,7401
78,0946
-74,8257
-77,7976
23,8667
47
67,9011
67,3861
-67,022
-117,832
-74,7333
50,215
-105,1713
25,5333
6
84,2753
11,2814
10,9833
-79,7173
7,8947
0,35
17,2237
60,5144
79,6755
-44,6333
-70,7126
17,7236
-88,2333
-14,3167
-97,8167
75,7
8,35
32,9231
71,4597
71,8
46,825
-3,62
84,4964
-107,3347
141,3744
143,1667
36,5006
-59,75
-4,0108
-2,311
79,0543
86,9049
25,675
-99,1333
78,4822
84,0573
-82,3593
-81,5
-9,3208
42,317
87,0976
-73,1667
78,966
14,0167
-84,205
-88,9755
-2,3845
87,5741
129,8167
102,5325
-118,2163
-0,737
79,8936
79,5139
-76,8846
14,3664
27,0917
77,1358
-81,5869
40,4856
85,3551
82,1667
132,4378
26,4083
6,0167
36,5147
38,0333
77,9815
-71,4891
10,8833
5,2356
-87,8597
-51,0167
13,2167
-109,0548
6,6844
-0,953
-4,06
75,5261
-99,674
-42,5708
94,3386
24,7667
20,5333
-37,8167
9,0611
-3,0167
-6,463
127,6897
-79,9333
-89,7667
2,55
-76,05
6,8333
-5,5833
-0,3197
85,6863
126,7367
-121,7025
7,9833
6,2072
133,0167
-85,375
-73,0888
-0,8161
83,7266
10,9
-106,2632
31,7906
86,2089
4,6333
8,5833
0,3
5,3803
137,1416
-89,7861
-73,6672
5,9286
-82,4731
6,5517
1,8633
85,4152
11,5
-74,1259
21,6514
-58,7167
48,5953
2,45
-48,125
88,1122
-83,9339
49,75
-53,4167
77,8667
20,8936
-12,25
3,4333
14,48
26,5167
7,8964
2,3742
-74,3826
-7,34
104,1657
31,7167
9,9333
39,4603
-88,6572
23,9333
8,35
39,4333
2,4744
88,6672
101,8167
-80,592
-8,7555
-88,0167
-0,318
-74,569
-84,1283
-74,1005
86,1189
85,6013
85,4325
84,9905
8,1667
-98,6712
6
-0,2478
-3,133
74,5276
30,8152
14,2667
120,783
23,0247
20,7669
88,3962
-5,35
-65,64
7,9306
6,0886
84,9581
4,7833
-74,6367
12,4333
82,6551
76,9667
78,9765
0,4667
14,8328
-5,9017
135,551
-74,5976
48,2
25,1333
2,1872
36,2222
36,1211
9,1167
-84,6797
38,5633
-84,7277
-99,72
-1,466
-2,5285
80,1833
75,7275
77,5056
-66,2184
-97,3883
28,9167
84,9647
77,6
138,4834
-158,2102
19,0703
-3,8089
21,6917
-74,0634
20,2539
-71,6889
-6,4236
-39,05
79,75
12,9833
-81,7707
-92,9175
47,7333
-3,04
78,1
-79,8564
77,6631
79,0672
12,1167
-79,7667
-5,5333
27,65
2,95
77,1395
76,74
30
78,5142
135,7962
1,4667
87,5019
-73,8788
80,0515
-117,6661
9,7314
83
84,974
10,6667
-90,6533
34,6417
3,2892
83,9775
86,4012
49,7728
4,7667
8,4833
6,2833
1,9842
-0,3526
30,09
79,098
-94,3467
-47,9733
8,2936
-9,8792
151,84
-74,0989
-74,0854
21,9667
-66,3124
-89,9965
37,2278
-82,8993
-99,3
57,3167
-77,3186
13,2
82,9729
-78,4667
-103,8964
-73,3333
10,1667
-76,4147
-102,5667
-95,6667
46,6367
84,7023
84,79
74,8555
77,3371
-35,2333
-88,6447
-75,1374
-76,7437
-80,0115
2,9914
91,8294
-79,8084
-98,3667
16,6475
77,15
-44,0333
5,8033
14,3
29,7661
-73,4406
23,8167
23,2667
-79,6
-0,4269
-94,1532
19,2894
-1,5324
86,6757
84,5818
44,1333
70,296
20,955
98,913
76,92
35,3964
35,6858
35,2992
35,8
35,6667
35,45
28,2333
9,5
48
47,7167
46,3167
47,2833
46,7
47,4333
48,0167
47,2167
49,6667
44,4667
45,5667
48,4833
47,15
45,1
47,7667
46,19
46,9167
47,1833
46,0333
46,35
47,75
47,4333
47,1667
49,05
47,35
49,95
48,5667
47,0833
48,0833
48,2667
46,8333
46,25
46,1
45,9333
45,3333
47,6833
44,6167
47,15
47,85
47,55
47,1167
45,94
47,0833
44,5833
48,0833
44,4667
48,5667
47,3
47,1167
45,7667
47,2667
47,7333
46,85
47,05
49,1333
44,7667
46,7167
43,7333
43,7635
44,6
46,4167
46
46,2333
47,3217
50,1333
47,1
48,4333
46,9167
47,2167
47,9833
47,75
47,0833
47,05
45,7833
45,1333
47,95
46,8833
-4,6
97,4225
-99,2365
100,3217
35,2
16,1547
52,62
76,4454
73,3167
66,7319
74,6336
74,78
-8,8926
-12,2186
-14,5667
46,6847
61,9739
10,8167
33,8803
31,6186
66,8897
72,7414
61,8058
48,7656
91,7811
-68,0667
25,9571
80,0583
99,9867
-77,6806
-79,9992
0,1345
-0,4297
8,8531
-72,6147
128,6167
73,4833
74,698
73,9
80,0167
74,5829
82,4357
78,6492
78,3486
76,8
92,8466
80,0678
81,1681
83,074
78,3933
92,8222
74,916
76,636
69,9034
79,4313
77,5333
77,0032
75,6067
80,2167
77,5198
75,105
85,33
79,5413
72,85
78,4667
75,1376
86,8499
70,0981
78,8872
35,12
37,5725
43,4261
21,9339
76,5
85,9886
10,2167
2,1508
79,1568
17,9739
3,2519
86,2882
13,9833
18,3333
11,1011
9,33
0,1986
44,1569
0,39
77,5014
-84,0092
-2,674
78,1744
87,8503
75,0996
5,2625
75,18
11,218
-1,2047
88,0439
-80,11
18,1833
-9,4281
2,4831
-8,46
11,8167
89,4572
27,5933
25,3217
12,8
-74,3862
3,8806
85,8669
76,9277
78,9167
79,0756
78,75
45,8261
9,3667
78,4889
86,1705
-74,7375
36,2214
27,3833
52,6594
76,7789
-79,9757
77,067
74,9301
-75,1524
-123,1952
-71,0719
2,2489
14,7
77,6582
-80,6049
84,9304
87,1093
-75,6313
15,1167
-74,0878
-76,2485
94,6632
9,3472
-111,7531
-76,25
-1,65
75,03
52,4761
12,9428
8,2383
77,6342
-86,9194
5,5333
142,0167
5,7508
-1,3278
30,5406
11,9167
12,1667
-76,8854
-82,4806
-97,55
-36,075
136,971
131,5597
-81,4333
15,5603
13,8261
6,154
86,0995
13,9167
15,3478
-44,3236
85,0913
86,1747
-74,168
-80,5677
153,05
77,7315
-89,0506
117,1072
28,9708
106,2681
110,0705
-74,7994
79,2768
-95,8449
10,1333
3,9206
-3,4333
77,8412
140,9559
-71,59
86,8237
78,1233
45,9789
130,8167
-61,4039
80,0366
-73,2167
1,305
14,6603
39,15
-3,869
119,85
78,2125
85,2869
-77,2322
76,1792
76,99
54,3678
68,0167
4,6167
7,0961
73,926
17,1525
14,8167
-1,4
11,8667
76,9087
86,8679
24,5333
130,8472
-97,3176
-122,6495
-83,9344
4,3417
86,41
-86,2421
29,307
27,7833
17,0333
-106,7442
-76,4452
38,9333
9,2372
9,0167
12,1667
53,2086
-122,3077
3,0833
-76,5493
19,8247
34,2539
30,7554
-85,7706
-37,62
-3,8
-88,1507
3,2225
74,9597
77,593
-96,95
5,5683
-1,9478
30,9714
-0,65
85,513
100,2583
6,9333
10,5833
18,0167
-90,8131
-74,7863
33,2333
103,5756
25,5667
104,6956
-84,1879
-3,6064
-0,3546
-76,9744
19,226
4,1167
-41,335
86,5632
9,0333
128,3958
77,6096
23,8839
-55,1333
80,1488
8,75
-76,3167
-9,0333
-98,2667
7,7106
-42,6167
18,0525
-76,8333
7,05
-2,843
75,2549
-51,8628
7,15
25,297
10,3
50,1631
-35,4619
86,517
121,0989
-72,7833
77,4621
84,3336
75,8333
-8,4383
2,5075
87,4799
87,1993
11,6167
-98,1006
8,7069
110,459
81,7495
85,9475
87,2197
-74,935
6,8044
-37,155
51,5619
20,2833
80,7309
-122,876
98,8167
10,8833
84,5298
120,5156
6,1639
75,9494
-121,9537
5,9667
106,6623
80,6117
-73,6864
-79,6833
50
16,0742
83,8856
78,2676
-103,0193
37,8364
-42,1589
8,2422
-0,7727
78,3631
-98,6376
77,9333
25,2583
85,0594
-90,5884
-39,4
85,9356
13,7525
-79,7246
15,5319
-4,4651
83,0167
-3,3322
9,3167
36,2339
-49,3219
22,9333
77,7006
75,4535
124,3
16,0667
-75,5667
-7,4833
-0,4167
84,5575
11,1167
100,3667
4,7667
-8,4
84,5274
9,0333
-95,6545
86,2001
-75,4717
-8,9
91,7639
23,7167
78,3557
67,0167
8,1167
-0,19
-75,3865
2,0244
2,1589
84,3916
-9,3167
9
-90,665
77,9143
74,7217
-8,1995
75,15
11,8833
78,7311
-94,6568
9,2058
4,7
4,5833
9,5667
75,0292
79,3751
10,4167
-118,4968
8,4667
-62,0336
18,3597
22,8583
77,4575
9,6833
47,7833
22
86,1705
78,1193
15,0833
16,3775
-0,147
-77,4985
15,7847
-74,9167
-4,7
75,3653
-5,2425
80,1194
18,0167
-74,008
64,8503
88,0425
84,8444
-78,67
-81,3086
28,6947
89,7843
77,55
82,35
84,4687
-117,5639
-46,2208
-70,9314
79,06
-74,17
48,55
45,4367
7,0961
-84,438
30,226
-67,1905
-2,3961
12,05
-84,1916
-7,35
76,4672
-7,85
-75,2872
86,5615
-74,2
86,7232
11,5
10,8
69,2525
46,7064
97,9707
6,2581
-6,98
100,4833
-42,3667
74,776
80,6917
6,0103
88,1681
2,4458
20,05
-0,5183
75,1654
-4,2167
55,3478
44,1164
-61,1167
2,9336
2,9308
78,2298
82,2236
60,9803
-1,588
-91,6167
81,9333
19,6333
-91,4031
7,55
-36,245
78,3071
138,8391
-86,8418
45,3917
143,55
76,5389
-3,6333
-4,95
4,3244
11,0667
-80,3721
-87,5706
49,1875
34,7658
13,8242
79,8353
17,1491
78,1303
85,5818
90,4856
-77,4089
-58,4167
80,2098
78,0127
-4,4139
34,3581
78,9833
12,525
-2,588
77,971
-64,2
-75,45
13,5333
-3,545
-99,6489
25,3667
11,2333
-50,0386
75,512
-122,7028
4,7906
26,1668
37,21
-62,7197
-72,5833
-74,0378
-5,1
4,8589
-93,2931
-37,8189
77,015
74,56
9,9167
-103,7
13,3
-75,8131
-53,2167
78,4576
48,9667
-83,6244
6,0633
30,9128
17,4601
77,7208
8,2833
8,9178
85,8906
82,5532
13,1913
102,0112
7,0333
86,2447
10,5333
-72,0904
34,2
4,3167
87,3089
-9,5031
1,8136
75,8855
89,8335
80,8314
80,113
75,0811
86,8709
79,8833
12,8833
62,0502
-1,685
86,3008
-73,9152
29,8147
86,3598
9
-73,2996
-8
120,85
83,9274
12,05
-74,6568
-89,3314
-82,7534
43,1328
-38,5
-74,4375
13,0167
38,6942
148,1667
-109,65
79,197
77,41
78,4188
86,3898
-89,1371
149,5872
10,1319
79,4249
140,956
-7,0403
1,2389
3,6833
4,9
85,7123
117,6333
-42,4658
9,25
80,183
74,8078
-73,7665
75,2167
-56,1139
-1,7492
12,0667
107,9731
87,0983
85,432
26
-88,9333
80,3395
84,5591
8,6333
-81,8895
-79,2333
-92,6582
102,5985
-78,5333
79,1355
13,5833
-6,7543
86,9349
-78,6393
-4,2478
-71,3364
53,7833
-2,7492
-60,0167
-72,6333
23,5408
22,7467
-49,4167
14
6,5972
75,9684
17,2221
-63,6
1,5167
-6,3833
13,7331
9,3667
86,7467
76,4869
79,1795
8,6333
-74,4347
7,4833
75,9
75,4067
4,7667
18,4083
-76,7717
-66,3638
-93,9967
10,2236
42,75
1,4067
-93,167
84,6433
12,3389
-80,5
84,8762
85,8821
75,0918
97,7392
76,1397
84,1789
83,0793
4,7833
8,99
79,7419
85,8411
-78,5211
48,3167
-79,7569
15,8333
70,3833
13,6378
86,7386
99,8333
24,1931
-7,0106
-71,8578
50,0833
80,7425
-118,3878
37,3383
8,7314
87,1194
14,4667
-73,8049
-70,4982
-120,0799
33,3
13,7514
77,9086
81,9891
174,2783
15,6167
-49,7
94,8728
9,5833
-105,877
19,4631
79,4344
140,9559
-124,0072
8,965
1,3133
-81,5068
-77,0738
-81,0374
-3,15
9,85
10,6833
-89,3774
0,5261
-1,601
86,034
74,7905
-82,4542
118,3333
-75,2
-1,3705
78,0893
36,2233
18,4167
137,0707
45,5722
25,8444
-2,339
74,7868
-3,777
84,8858
-7,35
2,6528
78,3891
84,5147
-120,4393
-5,27
-4,3667
-80,352
18,7181
98,6747
104,045
-52,7833
-1,5214
87,0754
86,6536
-73,1656
-74,5339
-74,5302
53,6261
78,4
142,4667
-55,95
81,3549
84,6122
84,5041
85,7672
27,4333
25,4167
-96,4674
16,9833
2,0317
-104,8032
-6,5797
103,8739
79,0918
16,0833
8,4333
85,158
78,8871
-75,7333
5,8167
124,78
78,3068
77,5644
-76,7514
-59,0667
12,8
8,8114
-2,7539
13,3167
86,0674
-74,1315
9,6011
38,7333
-53,6328
-3,5814
-77,0545
1,9
8,9167
5,6375
84,2361
81,3909
78,3153
-81,6807
80,7411
86,6002
-86,8014
27,7579
18,4308
17,4833
1,825
82,8433
76,0001
79,426
98,7521
10,2833
-0,46
-4,946
-0,2333
86,2541
-74,8975
-74,0447
13,7167
25,0917
-8,3708
168,6833
19,9669
12,4256
79,1974
86,0509
-74,5582
40,45
29,7094
80,1214
77,798
47,5167
45,3397
40,9125
24,0925
4,1403
47,2
4,825
24,6375
-0,6539
22,35
-73,15
87,0929
129,95
-70,3819
-83,981
80,58
77,6667
47,0833
47,25
99,5167
-58,8833
24,2519
85,4092
77,62
-98,3667
-40,7389
7,2964
-0,409
-111,7941
-89,2578
-5,6182
45,7667
-53,65
7,0333
1,1519
-0,2321
23,7833
83,897
77,6411
14,5281
7,6667
8,3289
84,2486
86,014
-122,8016
7,8478
77,9972
-71,956
15,3167
9,8833
3,9333
86,2817
102,2514
-40,5167
24,9833
8,8667
-85,7
48,55
-53,4667
30,1333
78,2645
14,8552
-71,4558
1,0081
-93,2283
85,9234
75,5117
-75,7505
-97,0103
-36,2028
81,6772
86,9547
49,9333
24,53
100,8739
-74,78
28,1864
-84,3272
34,9122
77,3575
78,8816
53,8039
8,6333
-84,9277
3
-7,2333
3,1167
1,2
78,1887
75,2024
73,8
-4,7381
72,8681
-36,8333
3,1303
124,3
3,0939
79,553
-97,2075
141,6
6,8472
17,0761
51,8358
62,75
4,5333
-74,2595
85,09
26,4047
8,485
85,09
72,8599
-79,3319
16,6122
77,0194
77,6738
11,5
109,4692
8,9278
85,377
-117,1108
-6,69
-52,7839
2,7878
-8,31
47,45
43,1833
77,6748
-88,6211
-1,8833
77,6309
78,3803
78,7805
17,9314
25,0744
3,6
80,401
87,2023
84,3627
76,7814
-74,664
145,385
9,3531
86,0236
84,104
78,5423
14,9703
-87,8411
16,1792
6,0397
-77,2369
-88,1167
1,3183
77,098
77,3294
-83,9142
99,2842
-74,6519
137,1454
9,6903
79,4859
6,095
86,52
-78,4656
-2,4333
84,9226
1,4911
10,7333
-3,052
18,4915
20,7667
79,0685
-81,6857
-74,7023
33,0833
68,9144
29,7
9,3667
125,5816
68,1333
-49,63
-75,8167
51,5972
4,8833
17,7167
100,0333
-7,3833
79,9486
79,9577
74,9902
78,6937
23,1167
-8,665
1,1783
24,0042
-121,3408
5,4833
16,6642
-70,98
-100,4788
17,7
79,3465
-100,2589
-100,2984
6,1167
-149,4263
-71,4333
121,2833
-50,2428
-74,8333
25,0667
81,6
11,1616
15,6128
17,25
-76,7871
-111,8445
-74,9167
-58,13
14,0167
9,4281
80,6226
79,2408
76,3667
23,25
74,1
100,5967
98,8889
65,9922
12,6089
83,5559
77,9642
22,8
-53,46
-0,119
80,7879
16,7667
9
84,5844
78,3205
78,0218
7,7167
1,8667
-73,2333
15,25
-80,1867
-98,3445
78,2167
27,6167
-51,0789
86,6025
-5,3833
43,5528
-6,152
-70,09
-96,8
-2,3167
-71,0164
-15,4667
-3,6
87,3122
78,15
79,863
86,0793
-77,1534
69,55
85,0643
-5,0833
-73,0986
2,0047
-91,5333
18,5667
-84,525
-3,75
22,3969
84,2523
78,2166
84,8017
2,7506
88,62
75,3499
-6,8333
47,2833
31,05
6,0436
74,81
25,5
-0,787
79,1518
87,0325
22,1
78,57
51,1936
-39,9167
2,3033
151,1167
-4,3167
85,7522
2,6411
87,6472
-86,09
-48,8008
2,8631
86,2176
77,7752
80,057
-108,2699
-103,7603
-51,705
86,8933
-1,2
-78,5164
-8,851
75,9111
6,5667
-77,4124
-74,6
2,3575
76,7996
22,7747
-73,4911
142,05
-1,2062
76,8726
84,9424
135,9406
99,7153
-0,2183
75,2699
98,7833
9,7764
-76,2706
35,35
78,3223
74,942
76,582
9,2167
-84,2859
78,1237
-87,8333
-64,6548
74,4023
9,2667
11,3486
-119,3188
9,8817
7,6833
6,3506
-68,7352
-93,9278
-76,7388
70,9214
89,2833
-75,6
20,3958
11,0167
18,8964
85,7393
16,2397
-7,0667
-88,0183
28,8333
-62,352
79,0923
79,0071
-56,0167
24,7333
-21
130,75
-81,2746
-53,05
-91,9078
88,0499
177,5069
0,6
120,9233
-8,6383
75,0146
77,32
-87,366
4,8325
-81,2143
-81,3833
19,1167
-35,715
-74,25
39,5919
84,4326
87,926
-80,191
9,6333
6,8664
-6,0736
1,1014
0,6363
0,7828
-4,27
7,55
-71,8333
-7,7167
38,9333
-116,6157
-84,5445
35,66
18,3156
10,7328
84,5767
148,2416
0,482
86,1465
6,6667
10,1219
-4,7167
78,3089
10,528
87,242
79,2806
-92,4259
21,3667
37,2569
30,3333
76,8078
82,1825
-79,8045
-4,3136
-74,9894
-8,2333
2,4667
-75,9798
39,3
14,2137
5,1167
16,8
-73,244
-36,015
-73,4722
86,103
139,4476
-123,5036
44,6592
8,9167
-84,552
-76,7772
-1,96
75,83
66,2867
-1,35
11,7828
51,335
-79,7036
-88,3396
-86,4833
27,0131
38,1594
-49,58
15,9075
88,4489
36,5953
85,7856
17,7994
-85,5214
-98,9447
98,8333
9,8817
75,9294
78,2352
15,2786
79,4529
-43,0228
2,2872
76,7833
-87,9805
1,6833
-47,4556
-1,1961
78,361
-95,241
3,2447
74,1
99,3683
77,8
14,2
13,0414
61,2167
-61,7167
11,15
2,4
74,6875
85,7866
-73,8189
45,4042
3,3667
76,502
86,6121
79,1616
13,2167
-76,8775
-5,5197
102,8437
93,8667
83,41
77,0055
11,7667
-72,7686
-0,7906
77,9375
78,3333
77,4352
17,4483
5,0508
-1,1133
23,1367
-74,0294
1,6872
75,73
99,8531
-72,5
13,5831
86,7243
-76,9264
-97,2333
-49,3367
2,3617
-114,8569
15,3933
99,5165
79,255
-90,6447
85,7988
78,5726
14,2333
-157,9232
79,835
53,8003
78,35
81,7094
98,9605
23,5019
-73,7739
85,6279
-6,3833
21,25
9,2644
81,6466
-69,9587
-74,6445
32,4431
87,8983
-80,6963
-73,6964
-97,2276
31,432
19,3167
-95,2958
17,75
-3,835
11,0333
10,45
28,5167
18,1861
87,4485
-89,0737
3,9511
-72,8333
73,68
-67,55
113,4543
70,9833
84,4661
77,9049
10,3833
-76,3044
77,6952
87,1003
38,9319
-52,15
78,0833
59,5331
18,3269
84,7042
78,1181
-116,8944
-81,3741
-76,7602
-1,4642
87,0614
88,6606
30,9103
0,5429
80,2824
27,0333
-83,1314
-78,9333
10,0253
88,2757
-4,0286
79,5373
-52,35
78,8794
-86,9782
84,7403
79,441
-64,2167
-50,4608
75,0187
77,7989
74,9025
86,4481
-88,3353
46,3167
87,2973
79,7386
-74,2365
64,4194
-88,3901
-75,8833
29,8833
37,9439
-74,6667
75,4007
81,3044
86,2396
-94,2408
-82,8333
29,2333
-71,3167
-82,8333
76,3199
81,1083
79,011
13,0167
-72,4167
6,3612
-98,7178
4,6833
77,02
11,7
8,3833
-70,2954
-56,4333
33,5331
10,0664
77,3709
86,2898
85,3667
-80,9533
20,65
21,0167
86,0363
10,8667
-75,4891
121,3081
70,01
-1,743
-1,7942
78,138
86,3071
84,9936
-37,35
12,5167
-4,0169
86,3671
-79,0991
-73,1271
-92,2599
-5,976
77,6039
10,6667
121,2014
2,458
81,366
76,12
86,1781
-79,0624
5,9812
99,9083
-23,534
75,8496
139,0667
93,6778
-86,3667
23,7667
79,8494
120,5814
-86,5722
-5,7706
84,1105
85,0625
11,8
-90,4999
47,75
-64,4639
16,5833
-89,15
78,9443
-76,7289
-86,3681
-0,4347
7,65
-73,9936
74,6056
55,4044
14,2833
-0,242
-7,929
21,7333
86,6642
78,6347
86,6203
-86,2004
-40,74
-87,1291
-70,238
1,9283
87,5267
-87,6176
-103,4431
121,97
-2,69
-76,0167
43,7562
-1,47
11,5583
-90,6883
19,0336
88,6868
76,6619
-4,3833
26,37
44,5936
79,379
98,9466
26,85
78,4634
-92,7244
6,2914
86,5051
77,6035
87,1622
7,6711
17,3643
95,9
47,9411
-0,3
80,0589
-73,4156
26,5667
9,5333
1,6167
87,6366
78,0794
142,15
8,9167
-41,1678
88,1095
-56,8167
-157,9474
-73,7833
-4,5336
40,3244
2,7597
13,7167
-17,11
16,2833
-17,0581
27,47
31,4156
116,0869
74,3731
75,0931
74,4167
84,3912
-81,2643
-95,4206
2,6833
10,2667
-75,6891
27,4833
-2,9892
83,8687
87,8804
81,1594
-84,1734
45,3983
-62,6833
22,5
3,4297
5,0833
87,0116
99,4706
-0,938
86,2575
74,6423
18,2872
84,9951
23,6333
84,3672
86,7324
12,9472
-79,2167
28,2167
-71,03
-3,475
78,7794
-101,1261
77,4783
75,9356
-71,2599
31,1
87,8245
80,3097
-1,1647
63,3183
87,2159
78,5471
-49,3239
-0,2678
79,4254
79,5406
68,1094
-95,3107
123,92
28,6653
-97,5567
78,9023
-85,4855
112,8775
10,6833
2,5407
78,4232
74,7539
77,3301
-96,2
151,9458
2,1369
1,2339
-91,9667
1,6078
85,7346
77,005
76,8461
100,6005
76,4399
-73,4333
16,8542
10,6667
-2,315
77,66
-90,6201
-3,8438
7,9333
1,9578
78,2844
84,4799
-1,2656
12,6333
-0,3342
75,0113
75,6561
-111,6718
-80,9309
-51,9833
12,5667
7,8667
-76,08
-6,6667
26,305
74,7657
22,5767
5,1144
-40,1278
79,5545
-93,8406
-81,2167
24,88
22,2319
34,7406
-51,5667
-0,493
2,51
86,9496
46,8667
11,9667
8,155
12,0981
1,3256
-0,3656
12,35
-7,2629
-7,4
100,7167
1,2714
74,1445
-93,4803
23,159
84,614
50,9947
9,1833
-86,1075
-77,2239
12,2667
79,6001
80,6066
78,357
89,9628
29,0678
72,4432
75,2833
76,7182
21,45
7,5167
-1,343
-1,3116
-3,5833
80,3667
86,216
20,2833
117,1028
146,7167
46,4333
36,3858
12,4167
-8,845
85,5366
5,0333
95,6333
-92,4191
9,5
4,2833
86,0452
79,4848
-60,0833
2,9275
36,2697
87,2916
-84,6556
-0,4658
-113,0678
-7,3203
100,4684
-3,3333
49,7431
64,1894
-1,7481
-104
-61,6
16,3167
85,9277
2,971
42,9875
-6,15
85,9842
85,3126
85,578
75,2867
-64,3833
27,0318
75,7333
-84,3734
98,9439
-65,7
-0,4833
9,9111
26,5667
16,9194
84,3334
84,8236
25,5
126,038
27,0667
14,2833
-5,0098
-0,3744
81,35
-80,6973
-50,6878
12,8167
-2,15
87,1365
87,0664
76,4667
85,5548
-78,9826
-7,2833
82,8291
-80,0667
-41,75
-5,7333
78,9864
77,9808
82,5655
149,1855
8,5938
-2,448
85,5777
77,1
87,1769
77,5384
-79,9735
-50,4008
6,0742
-89,0629
-86,3
106,85
78,7418
86,8069
89,8666
77,14
10,4817
-76,9215
16,65
76,5007
75,1514
11,4833
11,7178
2,54
-90,0819
106
103,8419
87,0792
88,8628
19,9667
-3,9674
75,583
85,3222
30,9333
86,7034
10,5667
24,3583
12,7167
-43,0458
77,5809
14,6944
8,6333
45,9761
9,05
142,5167
-87,6858
-91,1833
21,2992
15,15
74,9754
71,92
-77,006
-84,787
8,6333
78,5979
-77,4
-0,331
-5,419
-70,9516
88,3285
9,15
-97,2314
20,7091
77,5706
43,8
82,9811
82,1
11,9333
4,3667
29,8
3,5914
36,1786
-72,5333
74,9702
84,1804
85,6119
-90,9593
-77,1897
97,9667
39,1019
11,95
8,8
15,95
4,5917
9,9339
-8,3784
10,8333
-1,6386
39,6511
21,3333
92,7426
79,5992
50,5164
-73,0905
-3,49
2,0877
80,4662
86,557
16,9825
54,3167
-0,5617
-124,1063
-83,7227
-75,0085
17,75
77,5385
29,2925
12,3444
-72,0167
1,9183
-0,537
54,2128
-52,9178
16,1517
9,5833
77,7734
78,048
9,0833
86,3073
80,2659
-80,0333
25,9753
-6,15
11,3833
78,0746
6,2067
79,6448
-111,8973
25,0839
0,6042
-0,3742
77,4498
84,6619
-5,0444
23,9108
10,3167
84,4066
36,1008
14,31
-1,0119
-98,7594
80,2811
-39,6508
38,25
74,2471
75,4304
-98,75
11,8333
12,0167
13,7333
84,3294
76,4538
18,7
-84,1071
-87,8031
7,7833
11,9667
78,9473
78,1906
85,8762
72,4833
51,5017
5,25
-57,2167
8,0725
79,5215
80,0927
-122,3298
-76,1582
16,4136
-42,94
9,1178
78,1226
-89,3707
-35,8289
-6,0667
24,3667
7,49
61,4503
5,9167
6,735
5,0022
-1,6677
-86,0238
34
8,8331
77,8185
87,5774
-82,8126
-71,7503
80,7375
76,6993
5,4667
-1,2
77,0248
18,2489
-79,1444
10,9
8,8969
35,537
-9,3283
7,0333
-1,9406
-3,398
-2,5171
78,132
-46,1561
1,4311
86,1364
14,25
26,1
75,695
21,6853
17,3089
-37,9589
9,0167
4,9911
85,3684
-75,1779
-74,8833
93,8884
87,2265
-4,8167
10,5
-96,7167
-8,8142
23,2833
74,0905
99,0458
0,8225
85,4798
83,4967
59,25
14,5333
-35,5
8,5667
5,1286
-100,1667
75,4344
-71,0424
139,0988
-86,7041
11,4581
0,3092
77,6637
86,7205
77,3186
-74,2831
-48,1692
-37,6408
78,3756
15,35
-117,2887
-117,8564
18,9667
98,9396
8,7833
-122,2526
12,3242
-93,2174
-109,6804
-83,9865
-0,26
78,8062
88,1075
78,5548
-73,72
10,9797
-87,6977
77,8673
79,5411
79,7509
59,5225
86,3288
85,2529
87,7214
-1,4972
-75,422
18,0786
91,505
9
-0,614
87,4435
9
12,3833
123,6
-60,8997
1,0817
76,917
47,0406
15,1
-81,6131
121,18
-73,05
6,1686
86,6172
84,3618
80,9167
25,8922
8,1167
78,6006
84,3733
77,9375
0,9167
74,8427
85,4795
-122,832
24,5381
-48,5389
86,7246
-85,005
-3,8525
-7,684
40,4781
8,9403
78,5744
18,1167
32,7779
-96,7833
19,1814
78,98
84,8789
45,5222
-112,0023
-0,6031
-2,0836
84,1098
101,2105
-57,3525
4,1106
75,432
78,0123
36,7511
9,9417
-75,3455
-74,471
44,5831
14
92,74
-108,3253
120,6764
44,8764
9,5
142,8833
-0,7825
-71,8048
78,4622
79,6559
87,1341
79,5488
-124,4333
6,2833
45,7889
-89,1
-2,7289
0,2442
86,7034
-83,468
8,5675
82,0635
4,8439
22,3833
78,4297
33,4167
75,5
-52,5833
77,2175
-35,295
-37,0308
3,9397
85,843
71,9167
-57,5167
36,9333
76,8381
86,2395
137,8746
-83,1399
-81,0449
-78,6932
-80,9361
25,5736
24,4333
4,8167
77,7285
87,0006
7,8167
9,8842
-2,4235
22,8
18,3292
5,5333
7,8125
-88,8
74,5879
49,2081
-87,873
24,8492
-75,9667
85,2189
-106,5537
-37,7839
11,4333
-74,486
13,4
85,7725
77,5681
26,803
47,7083
77,4107
79,9983
100,0686
17,8333
-76,3142
-90,0466
9,3611
15,8167
21,6639
100,8296
-50,3853
77,66
-54,95
-69,8
-82,0207
9,1667
-0,805
84,8771
86,0585
44,1436
127,9728
86,0191
124,2852
-2,6162
-84,8304
-73,99
-104,7886
15,5
48,2778
9,0333
139,2167
-93,6591
-1,5225
38,5828
84,8673
87,4648
9,4667
3,4331
86,1111
57,0717
-74,0636
82,05
78,1119
-149,466
32,7211
79,6967
-89,6994
11,3167
77,4048
-98,9497
8,4833
-77,3095
20,4333
26,5
77,3574
89,5892
26,4903
-77,3131
9,9481
84,5583
84,7468
-7,1987
3,8
1,4578
-2,6219
27,5539
1,5667
-50,7222
-76,3269
7,4606
20,7442
76,0944
84,525
-111,2558
-8,1667
-84,8711
129,15
-73,795
-74,3422
77,1036
-80,2833
24,015
-80,2478
-75,75
2,1639
-76,6659
-74,3514
8,3
-0,4361
3,343
-96,9919
-88,9333
9,1
-0,99
13,2
-73,7328
-88,4481
4,7483
24,7083
78,245
74,6517
88,0419
-5,8333
8,9333
14,8167
-89,5833
80,9443
8,95
-3,8611
82,3758
78,9584
80,5855
100,42
75,1167
73,0251
-121,6078
-156,3022
-5,8194
14,4894
-59,1
-5,0454
-72,7785
53,3756
59,3167
31,2947
12,0167
-118,7779
-98,7572
9,4167
87,6912
77,73
11,8667
3,1117
88,7951
16,6667
47,1
-74,25
34,0667
84,7054
-9,532
4,1203
5,6833
11,6333
10,9167
88,2994
85,6956
138,5667
-114,3001
-7,7833
1,0896
-59,7667
-5,4577
-98,3667
4,1167
2,9
78,4521
76,7435
80,6506
46,6167
25,4167
-62,675
3,2333
48,5531
84,5433
-37,4889
8,7347
87,5082
56,0239
9,825
15,2833
8,0667
-4,758
84,4825
78,88
21,9333
12,5333
4,55
-84,274
-16,4667
-2,366
81,6041
77,9398
9,7667
38,5167
3,2839
74,81
37,2075
25,9333
4,8
-52,5319
-51,1171
9,5431
-87,8169
29,8667
33,2906
-34,9333
77,4371
16,4244
79,5711
-74,5107
-66,4788
-56,4972
-1,4128
-4,542
-8,8686
81,7335
8,0892
86,3231
75,0048
80,7175
74,7999
86,5482
-111,9783
-35,2578
-42,8719
-70,45
3,3978
9,2167
44,6317
74,2775
84,8768
86,5273
77,4695
77,5964
79,3293
6,5833
-3,684
-91,5452
-8,25
28,7419
103,3
78,9239
69,1758
8,9333
8,2
85,1256
79,4149
16,2
75,4167
-88,5843
-76,4471
75,6667
102,2663
78,0505
105,2112
29,2667
78,3443
78,3973
76,8258
26,1853
38,15
2,8933
53,2086
-93,5029
74,9744
-79,8949
9,005
57,7322
-80,0408
-74,95
8,4667
7,6167
5,78
-1,433
78,8913
78,7619
66,9222
64,8
75,9531
76,2013
78,2109
-45,1658
13,6411
84,4009
-71,0157
-8,55
2,2697
23,9167
-80,2547
2,24
41,1969
77,5031
-84,2763
-74,025
86,7899
74,7577
79,3823
-85,6436
77,3863
-71,5313
-115,6833
-89,7833
150,6075
6,0339
110,2612
-4,0669
98,9811
71,458
9,3667
30,7833
9,8286
75,06
85,954
87,4061
78,2962
18,3503
49,1294
-73,4
72,4
-90,3332
-99,0353
-1,4311
-1,0406
81,5922
86,3257
-3,224
-114,1067
103,8
80,1802
75,3627
85,6228
78,1728
4,3926
-71,4561
-4,6833
0,75
-75,3034
-70,8616
-7,9422
76,6634
-75,8927
16,3167
85,6563
-66,3211
-51,7389
8,6
-5,3414
-46,94
9,9069
78,34
77,4832
48,3906
-107,8335
-157,8404
-87,9454
9,7333
-0,0025
-2,8256
86,8317
60,1811
34,8589
-39,5333
-0,26
-113,6809
-79,7608
21,1
28,4083
-85,7131
2,8422
-4,455
78,1285
174,73
100,2351
-6,7714
1,5208
21,3833
100,8
10,4
8,4667
9,2333
-87,035
87,8833
13,0096
-38,9833
112,1237
6,2475
-73,4703
0,3046
-65,1667
29,015
73,4236
-3,5047
-76,9431
-4,4
77,7543
-120,7553
-48,5503
5,9831
-80,51
-74,7102
23,05
4,8833
4,8472
-119,9455
-72,1584
20,0667
45,8161
-6,05
10,8167
4,9567
4,4167
85,3019
2,31
87,414
84,7043
-54,2678
2,1906
75,6099
-95,1333
-78,58
1,8745
74,6935
75,1667
22,5144
36,22
75,3191
132,0061
12,1167
18,7
17,2167
-41,7167
13,8167
12,4
77,0411
76,1553
76,9733
-38,6739
7,622
77,1225
21,55
-44,1767
81,481
10,242
11,1167
25,075
24,4667
30,7792
-8,44
143,2
80,573
84,4597
-56,55
79,0909
107,5961
-16,4361
0,6242
12,3167
-52,5528
-74,6459
12,2833
86,1521
-4,6333
85,982
86,399
77,7586
-77,1445
-75,428
-98,696
-90,448
25,9694
91,5833
-89,65
-75,65
-89,5372
28,6944
2,6833
17,8
85,5376
87,1483
-86,9
-81,28
28,4808
-108,0772
37,6314
8,0647
-71,75
-78,6333
8,7167
-46,1833
-74,4801
-89,4744
98,8667
21,85
-3,5333
-111,7744
-48,8089
87,9614
-76,8189
-118,3033
99,0558
-2,781
78,0332
78,5224
11,5333
-75,292
-7,3283
1,8667
87,619
83,5633
7,2808
70,1228
-89,7667
11,8667
-84,6017
7,0089
-4,3833
-35,6597
-74,3169
-76,7699
-96,9149
14,2525
-1,175
-73,1218
-7,3
28,7667
18,4167
86,8498
82,2469
79,2635
153,4686
7,8833
-75,1667
78,4322
-83,5755
-90,4087
-45,5319
-75,0333
6,6172
2,2833
85,8802
76,35
9,6586
74,58
-97,0138
34,2875
75,9801
77,5082
79,0934
24,1667
-88,3435
-88,3833
-58,7667
88,7
78,2628
53,6072
-86,3442
-122,4637
77,1479
12,1
25,5003
-40,7408
7,5133
84,3767
79,3424
-73,6885
26,1333
55,5367
141,35
54,85
-47,0667
2,6803
-88,0624
68,1683
-41,4978
10,4833
78,8095
78,2144
4,7667
-73,9053
15,6703
78,2722
-74,8524
151,0709
-43,9658
-3,4
86,2544
86,1678
-75,9656
-71,7219
-64,4167
-74,4992
88,3122
27,5667
-8,412
80,1027
75,1862
-73,9596
82,495
-89,2828
-74,8213
81,7375
31,05
87,8378
-71,9673
16,9017
37,1833
-94,2329
-86,4488
-7,9267
38,495
33,955
6,7667
-1,55
88,2459
-119,2914
40,2
1,6833
-77,4667
2,8747
129,55
-67,5333
-48,0708
-74,0423
-85,9208
-52,7608
78,6708
-72,4809
41,9667
-6,4167
9,5789
-99,3256
12,7667
2,2525
74,3823
26,0833
85,7416
-73,5827
20,1006
-16,4556
80,7436
130,6167
44,75
14,2297
-75,2964
-72,5542
-4,05
-93,5499
30,5833
-0,7
-2,13
19,0167
84,9986
78,3721
-85,1705
37,5036
-121,2625
-77,5479
86,0964
78,7149
75,2359
74,7125
-9,6833
174,9794
-87,551
-73,9413
15,6
84,4946
-74,4944
76,8923
86,2313
138,5667
-83,7039
-7,9645
85,5738
78,1969
-94,3586
84,9408
87,9342
-122,412
78,2294
-112,2871
42,9606
-36,5689
79,771
78,7024
-95,8992
-1,2
85,3804
54,0481
80,7772
85,2295
7,6833
-77,093
-122,8053
102,7998
9,0833
87,0477
36,2333
16,1945
82,2167
13,3061
-4,04
85,0022
15,2
9,1914
9,0333
13,8833
25,5514
-91,6167
79,6817
85,3506
31,9333
51,1711
-38,3833
76,4173
-71,7115
85,6928
-73,9433
8,8592
82,211
86,8176
77,14
83,8829
-7
-8,9667
-48,6839
-45,3572
11,6167
22,7333
88,1711
12,7
78,8874
12,3864
5,6715
16,1036
1,9833
-75,65
2,8133
79,217
9,35
-80,1841
14,8167
13,9167
85,8712
145,033
84,0816
80,167
23,1972
6,5503
-84,8474
-81,4622
-105,0746
81,1989
9,1333
-83,3263
-79,9945
4,7422
-47,3858
-35,5833
92,8694
76,126
-49,9856
-4,567
-3,777
79,2203
-83,2386
143,5847
39,15
4,7315
75,456
23,0833
-77,4106
79,5926
10,24
-81,7041
40,0367
88,6887
17,0058
13,2333
-9,1517
11,4333
37,8333
-90,2031
48,5333
5,96
83,731
12,8167
7,4667
0,73
9,6833
-66,9948
-97,1678
100,1754
-61,15
-2,9942
72,6862
75,2328
-70,3904
59,8175
78,7054
11,4167
137,9198
-7,2592
-96,4775
-4,75
8,9
84,5055
17,4833
15,5136
8,0167
-75,6347
38,7
85,8626
-83,3253
13,0167
5,9033
-80,7162
40,0364
8,3075
13,5667
12,84
-83,0977
2,1333
-1,5286
12,3167
-2,5169
121,0157
82,2331
11,5833
-87,7035
22,5667
105,55
79,5833
79,4288
133,6913
-88,5684
11,5167
9,1394
37,9067
4,15
84,7688
-71,7515
48,35
46,6175
-45,4439
126,0167
-1,3462
88,17
-85,6286
19,2667
25,7333
-76,0667
-16,4667
-3,3405
-3,01
73,45
-75,2283
26
6,2167
79,7366
86,7275
11,8167
-96,245
76,3364
-71,171
11,75
-88,3667
100,35
41,0142
-84,163
28,9317
78,6774
-72,4882
-88,5
-60,9333
87,6001
87,0011
85,9759
86,6821
75,4239
78,4254
103,9859
13,3125
-107,5554
102,2581
-58,2333
87,9898
10,0597
-66,9167
43,92
13,3219
94,9156
-82,8655
-104,9172
25,15
-9,276
-121,8807
120,4583
26,6167
75,0567
19,9333
-76,7904
-47,5269
8,2092
-1,0225
10,6033
10,6672
101,1182
-72,7107
-72,7167
77,3795
19,4556
81,5937
-97,9908
-8,8833
29,6167
46,9833
50,0333
47,0167
49,6667
44,5833
47,0333
46,6667
47,7333
48,9833
48,95
47,8167
46,7833
46,7667
46,1167
47,8167
47,8833
48
44,7167
48,9667
47,9167
47,25
47,4333
46,5833
49,3333
49,5833
45,6667
44,7833
46,4
47,85
44,85
44,4
49,7333
47,6333
47,85
44,55
49,8
46,8833
47,2833
44,6
45,2153
48,6833
44,3333
49,75
45,1167
47,65
47,4833
49,8667
45,8667
47,5167
44,7167
47,4833
47,35
45,8667
46,45
48,9667
44,4
46,8
48,0333
44,6333
48,4
46
48,0833
4,6167
40,5117
66,9131
68,6017
-70,89
-0,5367
-14,4
79,8906
75,9652
77,2167
72,964
71,6481
71,1
144,5889
-37,3769
-35,015
-72,9
84,814
85,5495
78,5333
68,7442
-99,0492
-89,8167
34,7717
12,6833
87,2761
38,0333
13,0667
-0,4147
76,836
-80,0681
-73,6832
-1,7939
75,064
-88,0839
31,4167
82,2349
7,5833
33,1833
2,4417
78,7649
78,3384
-101,5514
27,2667
6,3667
4,2781
-75,3873
12,9333
-53,6833
77,8547
18,5333
86,0519
-91,7447
-9,5333
23,74
25,1594
-77,9717
79,9
76,0578
-80,2
3,1833
-5,9986
-89,0167
-41,925
12,1944
79,3128
-75,9705
-6,8667
-58,8867
5,6
-3,4178
130,5
103,0627
-72,75
80,89
-70,1719
-9,2714
-2,2
77,8293
-92,2715
52,25
-73,375
8,7844
84,4017
-80,7624
33,7789
-82,3903
-75,1551
-98,0656
-94,4833
-74,5694
82,13
126,2817
1,8833
77,4598
76,9703
76,7167
-112,1508
-71,2192
-2,7686
79,4085
-109,2833
-77,0689
39,1536
-77,5333
83,9012
86,3319
87,935
3,8025
10,05
-83,778
-103,3333
45,9936
-39,0769
79,5678
-83,2514
-105,3356
-90,6
99,8089
14,3869
75,96
84,7874
86,7501
19,1378
22,13
27,4747
14,2937
11,9667
149,6058
-42,3428
87,4012
-75,4644
36,0611
11,4658
-116,6834
-100,9231
-2,5411
85,831
-73,2333
-123,0152
-73,477
9,0553
-0,6844
75,606
-77,9084
-8,7667
0,2342
1,2936
77,506
12,4056
-1,106
13,0167
-77,2667
81,661
-82,0979
83,8942
78,6176
-93,3264
33,2503
-43,5858
89,9
-2,4167
77,7378
-99,3419
51,6983
9,4667
21,65
82,942
87,1311
19,5548
14,0333
-75,5186
11,5333
44,45
-71,7294
19,5886
33,8372
14,9736
74,58
86,13
77,8779
12,7833
0,5919
84,9227
77,063
12,5833
-68,5833
-75,7
2,8486
3,1006
75,2656
-82,5096
-35,55
79,1281
84,8818
77,4845
-76,6226
-74,1887
13,7197
-2,7358
75,3112
-80,5976
23,2833
39,2175
-42,5333
79,3333
-110,7095
114,5559
-1,55
79,8333
-87,8057
-48,765
-74,39
10,4214
73,7497
76,7513
78,8314
87,8473
84,1667
79,5912
10,3833
-3,1889
-1,2275
-74,0293
-99,4886
-60,0167
22,4056
11,8333
87,5925
85,7325
84,9592
74,84
-65,9161
11,4611
99,9697
-42,2667
74,75
36,5886
86,1021
-90,3815
-80,3226
77,4657
13,65
-2,714
11,2833
99,8959
4,6389
79,834
76,09
-3,1281
-107,3317
-75,8866
6,3744
-72,2
-77,711
-76,5572
20,6211
11,15
54,3328
5,0328
29,8011
24,765
4,1728
81,1667
2,4169
75,223
11,5044
-8,6833
99,8902
80,1627
70,8167
106,6967
20,7167
4,9053
-74,9117
59,1333
76,9183
-93,5895
45,1511
-7,717
32,35
-39,3758
8,1667
84,4832
77,6588
85,7599
23,5167
87,5411
-76,1854
-91,0672
-96,6363
-73,0546
-77,3885
13,35
99,8667
-72,6667
8,3667
84,4079
11,9167
80,6978
77,7269
17,53
42,7333
-108,6582
111,6978
26,3564
-53,2333
8,6
-102,273
-75,1464
30,6648
-82,3781
16,2675
84,5512
76,8786
78,2121
-99,4886
-88,15
-106,8002
-45,0919
-1,564
0,7497
79,5111
-79,1181
-93,7679
-3,7122
86,748
80,8056
-87,966
83,1167
12,1972
87,7784
76,25
84,7559
-88,35
33,0806
27,5667
15,8667
51,5833
-82,7387
38,15
83,5534
-89,6928
-50,7619
21,25
77,7742
77,6808
8,8631
4,6831
1,733
169,15
33,6431
70,0942
79,6882
86,093
-116,5614
3,0153
-122,2112
36,5167
1,5744
-74,2776
-102,4167
-40,1167
77,7554
75,7673
77,6121
-43,8772
7,9542
93,9376
23,9417
-78,6961
-99,3808
17,5
86,1876
10,1664
-1,289
80,8
-8,1856
-91,5167
-74,4184
-84,1244
23,5722
106,2878
26,5167
77,8195
85,4216
13,2167
25
-3,223
79,1169
52,6681
72,9569
30,9161
-54,6659
25,8039
-4,3125
18,4
75,7756
152,4625
-76,5867
-73,5061
124,279
-0,2073
87,2124
-74,7149
-61,1708
-74,7333
-76,9253
78,8108
23,0778
84,642
-76,459
26,5319
9,5667
78,4102
78,8167
-74,5502
87,8897
87,349
-75,5667
10,8833
-8,2333
77,94
-75,3407
7,5667
84,8117
84,7888
85,5031
86,3076
78,2842
-74,95
2,1706
75,386
77,9718
28,7167
11,7
77,2793
-96,1778
-5,6347
84,7789
81,2732
11,4833
-99,0975
-7,2544
-97,5461
5,1069
86,0484
8,5833
5,195
4,8225
78,112
80,1521
86,4483
-9,8186
-5,8125
121
-25,5861
-6,25
11,8167
78,3264
85,0728
76,1378
-71,4605
-85,2534
-6,1376
43,8667
-57,8667
74,78
87,0643
88,0361
11,6667
-75,2776
-81,2
-98,8028
35,5314
29,15
85,1259
9,1484
76,3361
76,2667
-17,1042
-45,75
14,4878
9,6667
21,9978
79,3986
79,7
85,75
77,88
15,1
-71,6281
14,5667
115,634
-73,3333
-104,8456
-80,1322
-66,5989
4,995
34,1833
-68,685
37,8833
77,6245
76,713
9,55
8,2792
-69,3792
3,4044
35,2753
91,39
77,3472
-76,6755
-94,6346
74,3083
8,55
78,6055
84,7554
-81,1359
7,9167
85,0726
81,5149
85,9122
-5,8042
30,2894
9,5503
6,4381
87,1552
-7,8
5,0206
74,5575
18,1333
57,496
99,95
75,9569
84,791
-3,283
78,2194
73,283
74,8333
79,8331
79,6633
9,0167
4,5
33,2836
10,2167
-14,65
70,1352
79,1956
77,897
-95,618
-42,3
77,6333
-86,4781
85,8789
50,2544
-96,8012
12,5883
-94,9158
20,5292
100,4167
99,7466
79,263
42,0167
10,5322
-0,2125
81,0781
78,5991
30,25
-87,1667
37,0706
-49,0178
-77,5664
10,0642
-82,96
-40,0269
-37,6739
-50,6428
85,7148
48,3056
-85,3457
-66,6731
36,3208
74,9518
-108,5768
-73,4
14,1672
-83,7911
-55,2833
46,8503
7,0997
-4,2638
74,7879
87,1569
16,2833
9,6
-75,5887
4,7536
82,4942
10,1689
-5,6944
106,5767
10,9533
-79,5415
-2,18
2,25
76,915
-67,3353
-35,0078
8,3167
84,512
83,6535
9,3333
7,3333
-51,55
2,6147
-94,2652
-5,8789
77,5714
85,6836
82,6046
130,5333
-83,8817
-7,2167
-75,5167
-120,3122
-122,3628
23,525
76,9469
87,1847
-75,5048
36,6431
84,9789
78,0096
10,6
79,6235
9,85
48,4833
98,3413
-45,005
-74,925
-4,6
-72,3
75,7886
100,3614
-91,0887
-4,401
1,2153
88,5661
1,2
-3,8833
-1,9792
84,2232
84,7506
45,6253
11,1175
29,0656
115,0019
-1,4853
18,1753
8,7239
2,0275
-81,3478
21,8369
8,4333
87,9144
1,9367
-79,0333
-6,167
11,0056
124,15
-75,1306
30,3167
19,8833
14,0511
77,3208
78,087
-49,125
77,9483
17,2917
10,82
67,15
-73,8875
9,1414
79,5547
-75,0782
-74,1844
65,4964
83,8201
130,9333
22,0847
0,6553
19,0672
-75,1291
-75,8155
5,8539
25,0353
2,9044
80,4369
79,6498
-87,0333
86,8176
79,8499
8,9576
-95,0167
84,9052
78,4367
11,2375
77,7
88,2058
-5,7714
4,55
22,95
3,1333
4,9272
87,0331
69,2983
4,97
82,7908
87,5378
14,4256
-44,305
-3,4139
-79,6139
-64,52
-83,75
-78,7872
18,88
75,0484
-2,8667
28,8625
-1,3905
78,302
75,18
10,6167
-51,4058
5,6
23,6625
79,9277
-87,7641
37,7667
109,5057
130,8539
5,199
84,2334
87,016
7,6667
100,6
2,9667
85,042
-75,4982
27,5806
7,9739
10,0992
26,5833
6,2231
19,8833
5,9572
78,9774
85,0308
-74,4048
-2,2392
0,176
-3,266
-89,1833
76,05
9,1317
79,0349
77,03
79,894
146,2678
12,5833
-2,6839
86,7376
12,7167
-0,7167
-2,4989
-71,5549
-0,481
79,6775
49,325
-86,6233
22,8606
80,3616
-69,8346
23,105
78,6342
74,65
-73,7414
-9,0667
-47,9758
7,5658
6,0622
9,4333
-149,608
46,6167
18,2
16,2833
-67,9874
86,307
-97,9629
-112,6167
86,2855
41,9656
57,55
-61,3667
-49,8058
78,3423
-80,2495
32,4889
86,2806
79,8411
5,0872
80,29
84,4961
13,6183
16,1667
9,5333
88,2777
80,7543
-90,6425
-117,2683
5,2533
86,15
77,1833
50,0069
-80,6903
37,5
-73,2667
78,4399
140,2454
-81,468
-89,8045
9,25
-3,362
10,7333
127,8431
79,7874
78,9938
36,5825
7,1167
100,4448
10,2994
4,769
76,7493
-63,9311
-43,0433
8,7667
-83,4091
11,6167
3,8364
5,0228
83,9505
-89,2948
47,7167
79,5922
79,2308
-73,1217
-47,7233
8,85
79,5255
-80,3677
14,0667
112,1693
52,0289
-97,8167
-75,7582
81,7
19,9333
75,231
-74,3
12,8
8,95
9,9833
74,31
-4,4
26,2522
84,7504
10,6
11,7167
-122,3467
-73,9904
34,6836
6,3769
11,1667
5,17
121,2303
20,6364
-38,9
79,678
77,8761
-71,6691
-48,7439
78,1832
86,9734
87,5896
89,1383
134,4792
41,5483
11,7178
0,5719
-98,1233
29,5667
77,5303
86,0251
102,1435
-83,5629
2,8561
79,088
79,0609
-123,9022
-110,7835
-43,205
-1,0953
-2,0587
87,6474
81,3941
18,1333
27,7833
5,4325
78,628
-78,4386
20,8739
86,0199
-76,8796
-41,4189
27,9519
9,1125
79,3072
76,1755
36,4833
9,0833
6,55
8,7036
148,0533
2,7
85,3888
85,2298
78,4429
84,8891
-79,236
77,7112
13,6333
77,8746
88,16
-103,85
57,85
7,9991
13,15
78,7719
-40,25
13,2333
87,3637
12,1669
0,5343
78,4801
-56,745
-73,8767
8,5333
-77,7294
6,2
5,8639
74,7652
77,6242
-98,5779
3,99
76,7182
11,6
-74,691
-6,4964
17,6961
71,5167
79,1441
-71,7
60,0833
40,6136
79,9044
14,4383
18,2
-72,4167
-73,8136
78,8569
-84,4816
-97,1136
3,5989
2,8961
77,7836
-76,5432
22,5867
78,1982
10,75
-38,8669
2,8217
-3,967
75,8582
78,4857
87,2539
77,0733
59,7961
3,1592
85,5945
27,7
5,2564
77,4097
-95,4621
22,5867
124,38
45,2656
2,6616
87,4435
8,6667
-77,9135
21,7667
44,5333
-51,355
87,0826
78,124
-50,5833
16,2231
87,12
-97,6602
-106,5984
-111,5872
114,0749
-77,2315
-5,4677
14,5075
99,65
75,7667
14,6833
-74,65
-4,7889
-105,6236
125,02
75,5231
-7,1833
26,8217
45,6792
-77,5167
6,0625
-88,0836
34,3317
64,1833
44,2819
18,2988
85,9454
-70,1009
26,145
50,5975
-77,7966
-77,5775
-7,9656
79,3318
78,5261
73,8089
79,6352
10,1833
10,8
-71,8
-75,2662
102,494
35,267
-79,4856
76,2155
10,8167
76,5833
10,7667
-75,0722
28,8703
85,2034
77,5026
9,7
28,5208
12,3333
78,5531
78,9054
-75,0032
78,677
7,3
9,8333
56,6269
-51,8558
12,2
21,5544
-0,792
84,2769
3,8
10,2081
1,0283
86,2375
85,6334
76,3125
77,3523
18,1333
142,0333
-50,5817
-78,5223
15,2667
6,4242
9,6833
4,1933
48,6919
-78,5848
13,7464
-103,5667
86,4713
76,8877
85,6943
-88,2552
-84,6139
18,8836
-54,7575
-5
80,6534
-85,6847
77,8168
85,6875
7,8333
-80,1253
-75,292
34,6083
77,6323
79,0542
77,4071
88,8695
1,2856
-83,945
-39
-51,3167
-84,9674
5,8167
84,9761
79,04
14,9528
27,5167
5,0644
-97,0833
-123,132
-54,0119
-6,6681
-79,4326
-75,55
9,5667
5,6053
74,783
86,9072
87,2983
9,2667
7,0597
36,0597
55,9567
-80,8667
-41,8789
2,2722
-1,5462
-81,9038
-84,5483
19,25
9,9333
-0,1272
140,5678
-96,1022
-96,4515
2,5275
-49,8
13,55
-76,4515
-94,2793
10,5333
2,5353
84,3096
-84,5562
103,3678
87,9634
78,7108
-42,8667
2,3333
87,0743
14,3667
-100,7976
3,1944
141,162
4,0839
74,9418
-77,8153
30,7944
19,8883
78,7618
37,0167
-42,9667
32,6492
86
-87,9568
40,6431
39,8925
9,5177
78,5856
78,2275
72,1861
30,8667
15,9167
75,6465
153,5328
12,3333
-85,9636
-46,8678
78,827
85,7424
-90,505
48,3667
27,3667
85,6218
-75,4257
-81,4691
16,5667
2,2667
9,2667
10,1857
85,665
6,6
67,47
129,3303
-1,3478
2,4575
15,7667
75,2485
-159,3564
-4,58
86,0296
80,7379
81,5915
-91,1385
4,5667
35,6619
135,9281
-88,815
10,7825
-90,12
84,4715
98,9394
145,6977
-0,485
81,5295
10,8
23,2667
33,0864
86,096
16,1667
-86,2637
-89,6482
17,2667
5,0347
6,8697
-90,6781
4,4833
8,7
-2,965
14,4
8,1667
78,2638
25,1
24,0833
74,663
88,1248
-8,546
10,1728
80,8962
85,993
73,6778
-75,9833
6,2458
2,3586
-1,917
84,8203
89,7711
76,6629
121,0681
23,8711
-0,7833
75,7893
-87,8457
98,65
113,9836
86,3579
79,5653
81,5024
-74,4878
-92,4833
-1,7867
85,5012
87,1137
47,55
-44,0239
-46,6808
78,7406
79,7597
86,4647
25,6175
22,2
-55,8333
-1,5098
57,0994
-76,5631
31,1833
77,216
78,0289
51,3808
-76,6152
27,2
16,9333
-96,8117
36,4333
9,3833
8
74,7377
79,9177
77,8228
8,3375
0,198
137,8619
-75,2844
-51,7003
-1,93
75,3293
18,3
-74,3914
-8,2833
74,5009
77,9263
84,9997
11,3667
30,5667
79,6081
75,7831
16,55
85,2703
-5,05
14,1667
74,2306
85,3087
84,39
16,7875
-120,7181
-48,9111
-53,3167
8,3333
75,6211
86,4389
60,8
-1,3556
18,8333
-89,1833
9,1167
69,65
-84,1006
-3,993
-6,945
75,96
-42,3667
13,75
9,9311
82,57
-75,4475
-7,07
-2,58
86,368
-106,9065
49,5667
82,3099
-75,1764
24,2167
74,5112
-69,6657
4,6333
85,6756
85,6443
77,3927
77,7347
10,6167
80,0693
88,38
4,8
32,415
11,2333
39,0619
-0,1333
73,9759
85,6392
-80,1028
-82,4312
14,0444
83,4632
8,1606
-0,7483
-82,2735
8,6903
8,6906
-73,9683
-70,7833
78,4736
8,9167
-66,2659
24,75
91,67
84,7829
-75,6808
48,25
86,771
18,3086
137,9443
120,9953
19,9
-48,3939
9,1969
-77,0851
-80,7804
-89,3334
-86,9033
-56,65
77,4015
80,6899
74,9664
-99,58
44,6975
5,9667
78,6543
-97,2172
-4,4247
4,8272
78,0507
4,8667
79,4167
-65,968
-79,8859
-89,8043
78,7184
84,6991
29,12
23,6242
77,6027
145,423
12,8847
0,2
22,5092
46,2333
5,6708
14,5119
-7,05
5,3185
11,15
-1,5786
87,1911
-119,1653
-103,6622
32,7333
1,9667
12,7167
-121,4427
6,8333
-7,2
24,3747
150,3833
-110,2897
39,44
-58,0667
-52,5219
1,4833
80,54
-74,8411
-0,0331
16,5333
81,988
-95,0444
-106,5122
8,6333
21,7833
88,2293
77,4312
53,0033
4,0858
87,1323
76,4904
79,4466
-7,1333
14,3742
-2,175
78,0671
84,3626
34,1833
76,7
-101,9541
-4,1378
-1,4978
-3,804
85,6812
74,9149
98,5915
86,9767
75,65
86,9914
85,7817
1,783
7,5667
12,5
-97,7167
1,4515
2,1578
8,3
-71,3626
49,2
14,7725
102,2403
-7,8456
81
12,6519
-78,1366
77,9836
10,5833
-64,5333
5,0167
23,4767
15,6314
22,6
78,3
-96,8167
40,3856
-74,9833
-0,3395
-77,8659
4,7239
1,45
79,3775
-7,5
-97,4
30,6306
0,0342
75,2494
75,19
-96,9325
-6,6311
9,55
-91,1081
2,735
-15
86,5909
86,2095
-95,7327
-73,9604
8,5292
77,507
77,0661
77,4288
45,2642
-4,0208
-1,177
86,7624
74,774
78,4893
75,1673
-86,4991
-76,7932
40,6519
8,7167
78,4752
14,6
11,7333
-86,3167
30,5489
16,0833
-3,4483
77,0542
141,7964
-78,6129
-74,1073
81,3219
4,7
79,4762
-74,0185
-76,4982
54,0167
14,4894
32,45
19,6978
74,527
43,4386
42,7575
7,735
12,65
71,9597
-122,3153
12,3
11,8
-87,6118
37,7
4,597
78,1901
78,1293
-111,6707
56,1778
36,7867
-109,65
121,3025
-6,0433
9,6667
103,0133
30,5339
7,6667
79,9619
84,854
77,4757
9,95
-3,0569
75,1764
76,1122
-89,8759
73,2215
77,3161
86,9645
-75,3287
99,7547
-1,85
-81,2341
100,275
-40,65
12,0272
78,3296
-58,6167
88,9023
125,6181
33,7175
76,9594
86,3626
74,0865
-75,3281
-8,4833
-0,612
-119,6309
76,9167
114,155
84,3391
-72,5177
21,6567
6,95
-2,1164
-104,865
-73,6721
-50,928
-42,6667
84,6087
76,3268
-77,5459
9,35
1,2722
-94,8072
6,6269
87,9732
25,0953
-2,384
71,6
-77,573
-72,7833
84,2069
36,5628
60,5914
13,7572
11,85
21,7
-2,3642
74,5898
87,117
78,8254
77,6095
126,0886
2,9731
79,8226
-88,6323
11,0833
8,5889
46,4794
22,0647
8,85
11,8
22,9658
-2,451
11,3431
77,9985
74,75
77,6241
9,2167
18,15
86,0247
86,8014
-114,27
18,6667
6,275
6,42
-123,3242
-97,2273
-43,0158
-1,6667
-3,2061
86,0732
85,9148
-95,221
-97,85
131,0078
84,3292
25,2333
-1,721
44,7069
-76,2333
77,7511
84,4087
79,7
-16,5217
110,4032
-1,5067
83,5069
22,3961
31,8922
77,7177
-91,4385
-75,7409
27,5416
1,691
-2,64
25,025
26,25
10,85
11,4507
-76,1774
20,2333
7,7314
4,3719
78,134
78,1024
78,9546
45,4933
78,89
139,85
77,9222
31,405
97,8333
51,1667
28,9614
11,4978
23,6
-71,34
47,7083
25,16
20,1833
70,4439
14,0602
8,35
22,0322
150,25
24,45
21,6333
13,9367
11,5667
148,6861
-54,4
115,5666
15,575
30,1069
147,4066
-61,1667
153,55
22,9
81,0478
14,8594
164,8518
125,4361
-69,43
25,5572
0,856
23,6821
19,7333
64,6
72,5681
22,7833
24,5722
146,2614
-72,5717
14,4944
12,2333
35,55
28,1833
21,8667
-83,5751
171,2075
150,31
131,05
-50,7928
78,15
-76,8903
33,315
-67,7167
-6,9708
160,7
22,4667
31,46
125,8008
29,8
-77,661
75,4572
143,735
-68,5107
8,55
22,6789
148,3
14,6562
62,1
55,874
-54,2075
101,4242
27,7167
45,3333
48,2372
44,7194
6,6381
31,075
-57,7617
147,6167
-96,4
-53,8575
27,4333
22,9333
107,2
-13,213
46,85
19,5917
28,25
146,4
-73,7804
-2,96
46,7897
24,3333
119,9333
-65,1667
14,9642
103,343
145,478
21,5617
27,0839
48,4153
175,5375
-89,6092
17,65
20,9631
11,3168
15,0792
-55,7667
28,3667
73,0997
26,5
21,1833
62,5749
21,1
30,25
33,9167
21,4333
27,5833
-61,45
29,6631
23,1167
149,8339
123,9333
6,1567
5,7722
-3,089
35,1333
152,1833
142,9167
47,4583
33,59
27,1667
173,9514
20,1
155,6328
25,2539
153,1636
36,8197
20,3167
14,4778
40,0333
26,1833
14,2431
30,83
150,8542
-1,145
71,7099
12,4497
21,0778
15,5922
13,9097
25,3833
148,0167
26,1806
135,6
26,75
-63,1978
72,3439
125,8017
29,1667
24,7167
14,8167
26,2167
6,6833
22,1333
21,2869
145,13
142,8
137,7658
30,9667
-8,1833
145,7667
116,6661
-65,9333
97,97
148,7869
19,4833
-69,6615
119,7319
-61,85
149,1258
29,5369
11,3589
16,5167
144,9667
24,4036
32,2015
-68,91
31,95
21,5847
-22,918
-63,7325
-12,272
150,7444
120,3
147,2722
66,3167
15,9333
18,7333
27,05
89,8583
-69,5833
-14,5364
90,7333
35,6533
149,2342
148,2228
22,0117
158,1589
10,7008
20,0739
24,9667
-22,946
156,8389
-56,5167
-72,3
34,3455
14,568
19,2333
20,2775
126,3667
153,35
158,2081
-78,85
47,0261
-10,726
-62,5072
13,8706
179,2
14,9942
-66,6
-78,1833
16,9833
30,045
89,6045
9,5097
9,0667
78,7167
14,1721
-67,7174
26,7167
14,4892
20,35
26,25
24,9333
28,8
6,4217
87,3167
173,2628
30
22,8564
14,0275
24,9694
21,559
31,2064
8,9833
25,4167
150,5133
31,247
9,4167
174,2833
-66,5647
-63,0847
128,835
47,1131
9,521
27,4167
-16,1667
27,25
-55,0833
-73,7742
142,7667
19,25
45,4417
-53,6722
-80,0186
6,441
143,217
50,2667
38,3778
27,0556
16,3369
153,615
20,7167
23,5
36,7833
149,7667
15,1889
-64,4167
19,9644
-66,32
-12,301
19,6644
29,6
100,2167
23,05
150,3097
22,4
-115,95
5,9325
28,6
150,75
22,175
20,6214
14,5222
-56,1778
145,65
-64,6172
14,4147
40,4378
-58,4053
24,8011
21,5333
20,0761
166,45
-55,75
34,2267
63,499
9,5333
-54,05
17,3333
-24,357
72,9965
26,4
10,65
32,2919
103,4167
1,6
15,4233
19,05
125,3273
112,4714
15,8544
-57,1167
25,9
15,6381
-86,537
24,2333
-88,8074
131,05
150,85
5,6322
15,1639
-57,94
151,1697
27,97
26,1667
6,4417
89,0833
86,5833
22,5025
145,5917
15,1528
14,5708
150,15
-79
15,396
162,55
14,114
11,5667
29,7315
13,9333
14,2675
20,8851
1,5331
19,85
-15,4828
146,9158
-55,1669
87,968
19,3314
-8,095
-25,093
-51,1
113,5861
36,0781
14,5172
-12,7114
20,15
22,1833
14,5636
31,95
22,4644
-6,539
171,6022
17,9811
9,5
127,4739
-65,4536
21,05
102,4728
14,9119
-70,9242
15
26
20,4303
75,2089
15,3041
128,7386
14,295
-65,2103
-57,8708
-70,25
103,6704
23,8667
26,1556
29,6167
28,8837
9,5167
-65,45
46,7483
45,1131
148,1667
9,5333
14,4947
18,75
-63,8756
-64,0528
73,6167
20,0189
146,1572
14,2527
-61,75
10,7
32
45,3166
-59,6833
117,178
134,635
-77,8509
114,1918
138,6167
5,1647
15,5154
-78,15
155,8
111,7339
116,1464
-23,593
21,2483
73,3657
-10,6097
140,6
118,6011
-70,3
143,7217
170,2833
20,2167
12,4473
23,2167
14,4936
14,3581
6,3667
-71,1667
-159,771
32,8756
26,7
14,4533
48,9328
-11,3667
30,4097
15,0086
14,56
16,4264
17,15
-11,6167
23,5167
32,2428
-173,9831
112,5578
128,1553
-109,9298
21,1217
-67,7333
-53,9333
15,6993
20,2833
16,5812
13,5683
46,9167
36,6575
20,6833
111,2333
161,33
-71,139
-64,3
31,9
13,6378
16,1667
159,95
14,293
14,1097
14,4808
21,2153
117,5553
14,3664
150,89
30,5528
140,7833
1,0125
14,7308
14,3814
19,9
6,65
19,58
-14,7662
153,2833
-55,5
12,4667
149,9011
14,5447
30,0456
13,7352
133,6667
145,4652
91,24
37,74
-81,1064
161,9167
-54,1667
153,7167
137,6167
148,5808
-69,3167
20,9656
28,2167
-63,1666
33,1522
123,3833
20,7461
-65,2831
116,9166
177,7
23,2667
-7,8756
138,6
175,8083
14,4669
142,0869
14,2583
141,8786
15,2386
19,3947
15,8322
145,125
22,2422
-63,0517
44,2667
21,9333
16,2027
-77,7714
14,595
15,32
11,2397
13,7379
14,4178
14,2903
90,2092
-52,96
14,8536
10,5667
26,4589
27,4392
72,8935
24,4167
14,4544
138,1333
14,4181
19,2253
24,0206
15,0236
15,9926
125,5
14,4472
14,1592
-52,8694
24,8683
134,5433
-23,211
-57,09
-46,0403
21,0519
91,5528
24,2833
14,5761
-55,94
-3,9833
22,7467
14,5294
-10,567
72,9686
-64,7494
-59,8
14,5025
60,9083
24,5169
14,2369
16,4519
22,5728
16,0344
15,0482
15,3854
26,2244
-10,4875
20,55
170,9681
-96,7833
117,795
15,2264
140,7702
-62,5833
73,4361
30,0462
-55,4667
-23,563
159,5833
-64,1733
-70,26
-72,575
14,5169
14,4534
14,4589
-16,0833
31,3167
-51,81
144,2491
91,4667
-8,2339
19,5225
-51,2308
-72,1167
90,5047
15,6812
14,3572
73,0704
9,5433
14,5225
-69,1394
-23,1267
-8,11
-19,6394
163,0086
-9,5833
14,3969
39,2731
-66,2333
-59,15
21,3833
21,9497
146,2383
12,4556
-173,2258
-57,3333
140,5052
114,1281
147,8946
-73,5833
-60,6333
145,7546
156,1167
-54,9667
15,3052
-54,75
-64,9167
-67,2167
21,2031
16,2328
28,95
-15,212
-78,1625
21,0056
118,279
-61,6167
34,15
20,5931
15,074
25,59
154,6711
90,655
-14,043
-14,3833
-67,7333
114,0922
15,4833
-62,8506
-55,46
9,5332
-73,2123
15,1667
15,8453
14,3103
21,8264
45,5739
15,3111
167,7167
-179,1837
14,5394
19,2167
-52,33
-55,1939
21,9428
-69,0333
-68,6481
28,4325
-62,5395
-57,85
173,68
14,5058
14,8029
-55,15
14,849
-90,9672
14,485
46,5469
16,0453
6,2
-56,3292
-23,606
12,4185
-58,86
-63,6958
14,485
-68,5039
14,2458
15,6471
73,29
13,9624
125,65
121,8919
14,2
9,25
14,9572
73,4106
159,2333
174,9
174,543
-176,5611
15,1783
43,15
-1,8167
37,12
-107,9167
44,8531
10,8225
127,5806
-171,8217
15,1728
22,5611
15,3844
5,9897
-37,6311
147,5167
16,1475
-21,9167
29,92
15,0745
14,2297
19,1208
-65,3597
34,9444
117,6669
-63,0458
151,55
125,4501
21,3331
15,1931
179,3067
46,4083
14,4981
72,8964
14,3176
145,5556
13,9524
22,1917
15,5182
15,65
33,0667
21,4336
13,9702
14,5472
14,4855
14,4944
26,75
15,7467
22,8906
24,6318
19,8339
15,0081
9,5
70,9169
-67,6167
-63,5167
-60,79
16,2753
-7,486
15,0919
105,6728
15,6141
49,0733
13,5522
21,1167
35,1833
-70,8167
-67,8
15,7052
14,2092
-53,22
145,9333
22,4442
156,2387
30,6
73,0306
15,1669
135,6
135,1833
136,1
16,3223
13,6072
13,8905
16,5033
127,67
14,5603
93,4356
20,6
21,7781
6,0333
14,382
14,2353
13,7871
15,3361
138,8333
13,9875
15,4458
35,5167
114,9194
22,4544
-52,1264
46,7892
14,8466
140,8362
15,0664
136,2342
77,6617
15,4947
139,85
30,81
73,0947
26,5833
117,35
-15,195
-49,6667
-83,7
19,8667
98,9667
7,4178
21,4561
22,7278
-172,4036
114,16
-64,4803
15,9488
21,3786
15,7983
132,2667
-59,7833
160,1467
22,88
145,2883
-67,6606
32,0833
34,766
53,1226
169,28
28,528
-171,9167
12,4983
14,2981
45,5564
16,2937
89,8833
-62,6
13,6347
-172,6372
14,1451
-170,9889
-69,25
133,3833
54,6922
-54,77
15,5791
80,5451
-12,9842
18,83
14,8333
-66,4833
-56,1472
9,5481
135,2833
146,0311
160,8333
13,578
-51,1932
15,8842
-110,1333
144,7504
102,6767
19,79
-62,9833
-176,1833
142,3167
14,8052
15,0876
144,1986
36,3969
136,9167
-10,572
16,2722
-62,21
12,4844
134,2048
14,7439
-64,4166
-171,5833
16,3479
10,45
14,2422
14,4144
138,1681
22,3825
31,55
122,4031
16,1623
14,539
15,0583
14,9531
20,6
150,41
16,3472
28,7
139,3378
15,2956
16,0131
143,0381
-64,782
130,971
115,91
21,1231
41,9906
15,6714
14,6363
-53,5333
14,4695
14,4203
12,453
-69,4456
115,11
15,8385
148,2833
160,4667
-172,3064
15,7675
21,8
15,8769
16,2281
14,2042
166,9209
107,7794
128,1228
22,1167
-70,2667
14,6377
-5,7179
-6,9556
113,9833
-11,4066
167,4208
15,149
117,15
165,3298
69,8328
21,4333
15,4249
116,3333
118,0333
-58,25
118,4953
22,3339
46,5797
121,3308
32,9564
138,745
-69,2306
13,7507
15,0325
15,559
16,1572
22,6417
9,4186
115,0739
16,0984
-169,8092
18,6
160,0706
-72,56
136,4191
15,7333
22,87
34,7303
-69,2167
-172,3335
46,0383
-169,921
144,2675
14,6944
15,5974
22,2375
-68,3708
161,5508
147,3706
14,4966
34,6559
121,7781
165,8333
-68,25
47,3
-66,95
15,9111
16,3953
143,3792
15,2293
14,0684
16,2
119,3278
21,9025
14,9228
50,75
-74,7052
73,5472
15,8
-57,8333
142,7858
13,9167
23,3167
16,1399
15,9314
21,83
15,2214
140,8397
9,5333
152,8333
117,8461
-58,1815
-63,2492
143,1425
-57,2181
15,9941
15,8935
136,8
20,9808
46,3861
-6,8719
116,0089
14,6892
150,0755
22,299
16,0833
151,123
14,2278
-81,7
-43,8639
16,0179
-6,5167
38,4666
116,3006
16,2172
16,0933
15,2733
14,7436
136,0666
-59,1333
32,7725
16,2981
-62,2106
15,971
15,8786
15,0386
-68,005
15,8978
19,1
-66,1667
15,7796
115,7617
20,5578
14,5901
120,0469
-21,9667
167,9619
15,9346
74,018
13,5296
-178,1585
131,8262
-22,5667
15,0897
-61,7055
15,0333
21,4536
-3,5283
168,1333
49,3036
44,1547
41,8378
15,3286
107,8
22,9217
20,8303
-171,8167
-6,7458
14,5064
-77,9357
14,4031
23,2667
61,6678
16,3239
14,6425
21,3877
21,5869
134,6241
134,6242
137,1651
16,0794
-56,0556
131,1047
-37,1833
139,5477
15,6642
15,2914
30,2614
148,565
172,703
143,548
15,6669
139,9066
16,0203
14,6918
113,6611
143,8197
15,8801
-57,0611
150,9167
16,5143
51,1333
138,0169
166,0167
44,0749
15,9429
144,2994
35,8239
138,1194
27,1617
129,6167
16,2882
108,2
10,3833
-55,55
-45,4347
139,4691
21,615
139,4938
-57,6167
15,3945
-114,1556
164,2
139,3513
22,7203
21,0619
142,6544
19,1994
-13,8482
173,3333
83,5642
-36,508
47,1431
-61,9667
-6,8769
14,6983
-61,8666
21,5306
21,9167
-65,1139
-130,1
-171,5333
-72,35
-75,4
20,9133
32,8708
-70,1794
14,8217
17,5511
-5,7873
12,3075
-78,9484
-76,4028
-71,9167
-75,7666
-75,23
56,4497
152,4166
147,9167
143,1833
113,63
120,5494
65,0859
89,2577
78,4661
135,43
123,3505
121,6
-179,6
169,05
49,0166
104,8
80,2514
107,7833
152,2502
133,9
126,5924
142,105
127,0337
125,25
89,25
90,1236
139,5
60,06
71,3333
119,8167
156,3594
112,4667
157,2333
102,1887
151,1666
14,91
-68,65
-69,6833
35,4842
10,0167
-17,8
-42,2167
162,3039
135,3147
14,4264
43,9439
43,599
30,9703
27,807
103,0919
106,7286
102,4153
28,6833
6,1
5,8894
13,0517
29,1167
21,5875
21,58
21,0109
22,5876
104,425
-15,9761
-62,2158
14,2172
72,9919
73,5811
73,114
73,5031
72,89
73,6517
34,9591
34,6534
34,801
15,58
167,2653
8,1137
6,2676
3,59
59,5289
56,2758
56,7299
-77,6058
-82,6522
144,6311
154,6728
123,7448
121,2785
125,5683
121,2833
124,9922
51,4847
51,3975
51,2167
22,4728
21,7902
20,0368
21,8334
21,9519
19,3728
22,4115
21,65
20,2375
19,1214
19,5258
21,718
19,807
21,2143
22,0921
111,51
153,9167
156,3972
32,744
28,34
-12,3105
-14,4119
15,7939
15,6481
14,9292
16,0497
12,4214
-15,55
47,3679
47,3597
43,1828
31,2
14,9073
17,0003
1,1861
99,9443
127,0333
125,5664
124,3833
125,2565
-61,4461
121,4672
39,2519
32,9347
39,2833
33,6858
30,9408
33,8849
33,3319
31,8197
30,4581
33,6003
34,3967
30,535
33,5028
34,3578
33,3306
33,27
30,3433
33,337
31,55
34,7833
33,2167
31,3231
30,0544
32,8
31,8
30,3661
34,7531
33,9222
34,5344
32,3544
30,415
32,8011
34,5734
29,8433
31,76
108,0075
108,224
167,55
167,9903
-172,185
-171,9833
-172,3269
68,7304
66,1302
48,9871
44,9826
47,8491
29,4833
1,7833
114,6592
-60,6799
90,2674
91,45
89,536
89,6833
89,285
91,15
90,1229
11,8114
-7,4864
-68,9301
112,5281
117,93
114,3481
126,2614
-23,632
-23,589
-24,325
-24,299
-24,696
-25,015
-24,294
11,0289
-6,8171
-6,815
-6,7599
-6,8175
-6,7206
-7,0737
-6,709
-6,5313
-6,7432
-6,7369
-6,3238
-7,0924
-7,1498
-6,805
-6,6623
-7,3066
-7,169
-6,7617
-6,8063
-6,6813
-6,6702
-6,9997
-2,5167
0,1792
-2,485
-16,6667
-36,5
117,3833
-6,7917
75,808
72,92
75,79
75,1362
53,0601
46,4227
34,914
34,2833
37,15
36,378
35,3416
35,1167
35,744
34,4731
102,6093
104,95
125,7547
127,2517
125,464
126,4714
126,665
-64,9331